-0.3546258779131061 -0.0026018395660264357 
-0.3672296712360875 0.04035635709327862 
-0.2919972514924416 -0.00899885751152008 
-0.11876148262602951 -0.10678949705241753 
-0.1678136837463925 -0.06324303371094571 
-0.07381586039929372 0.03711649228997834 
-0.08286982025168362 0.10083653587043671 
-0.10844852909525719 0.14962855498166777 
-0.05561627094029889 -0.04242447604743096 
0.0028435777637592207 -0.12201023172926775 
-0.008432170163384645 -0.010107747967180706 
0.015501779052104172 -0.08672408257340537 
0.07506037845146243 -0.07016117877490878 
0.19257266681901658 -0.06123228395881039 
0.15925945884639361 0.14195601987047424 
0.18286685715239037 0.02083935572865638 
0.24457712743923515 0.06033976034357576 
0.2830735801153493 0.0605970140878648 
0.4738551922242628 -0.03737686137402131 
