58 233.0
60 217.0
78 211.0
117 184.0
133 164.0
154 253.0
160 233.0
162 211.0
178 189.0
161 181.0
178 160.0
173 150.0
200 162.0
245 185.0
250 156.0
249 229.0
275 195.0
288 194.0
348 145.0
1180-1-11.bmp
56 284.0
57 268.0
72 260.0
114 223.0
126 202.0
162 288.0
163 269.0
160 246.0
174 222.0
154 216.0
168 193.0
162 183.0
187 191.0
239 207.0
236 178.0
249 251.0
267 214.0
281 209.0
336 150.0
1180-2-11.bmp
59 218.0
61 204.0
80 199.0
123 174.0
143 153.0
151 245.0
159 227.0
164 205.0
179 184.0
169 177.0
188 157.0
181 144.0
207 159.0
246 185.0
254 160.0
247 231.0
274 199.0
287 196.0
354 157.0
1180-3-11.bmp
58 216.0
63 200.0
80 196.0
123 170.0
140 152.0
150 245.0
158 228.0
162 204.0
178 185.0
162 175.0
184 156.0
180 144.0
202 159.0
245 190.0
248 160.0
244 234.0
270 202.0
282 200.0
349 162.0
1180-4-11.bmp
61 214.0
65 197.0
84 193.0
132 169.0
150 152.0
159 245.0
168 227.0
173 205.0
191 185.0
176 175.0
197 157.0
191 144.0
217 160.0
266 191.0
267 161.0
258 236.0
288 204.0
301 201.0
370 164.0
1180-5-11.bmp
58 229.0
59 214.0
79 207.0
121 179.0
136 161.0
158 247.0
160 229.0
161 207.0
178 186.0
166 178.0
184 159.0
175 149.0
205 160.0
248 183.0
251 155.0
250 225.0
271 192.0
285 189.0
351 144.0
1192-1-11.bmp
60 214.0
64 200.0
86 196.0
130 172.0
151 154.0
160 244.0
165 226.0
169 204.0
191 186.0
173 175.0
198 156.0
191 144.0
216 160.0
259 189.0
260 160.0
253 232.0
281 200.0
295 199.0
364 156.0
1192-2-11.bmp
60 209.0
61 195.0
83 190.0
124 168.0
144 150.0
152 238.0
158 223.0
162 200.0
179 182.0
167 172.0
188 156.0
183 142.0
206 158.0
250 188.0
261 160.0
246 230.0
275 199.0
287 198.0
358 160.0
1192-3-11.bmp
60 206.0
64 191.0
82 189.0
128 166.0
148 149.0
154 240.0
162 223.0
166 202.0
185 183.0
170 172.0
195 155.0
188 143.0
211 159.0
254 191.0
263 164.0
248 236.0
279 204.0
289 204.0
365 169.0
1192-4-11.bmp
62 207.0
65 193.0
89 189.0
133 168.0
152 150.0
159 244.0
168 228.0
172 204.0
193 186.0
178 175.0
205 158.0
198 144.0
224 162.0
262 194.0
271 165.0
258 240.0
289 209.0
300 207.0
373 171.0
1192-5-11.bmp
59 223.0
61 207.0
79 203.0
119 176.0
141 156.0
158 245.0
162 227.0
165 205.0
181 185.0
164 175.0
185 154.0
179 144.0
204 157.0
253 185.0
249 154.0
253 226.0
278 194.0
290 191.0
355 145.0
1196-1-11.bmp
60 221.0
62 206.0
81 200.0
121 175.0
140 157.0
156 244.0
162 225.0
165 204.0
182 184.0
166 175.0
187 156.0
177 144.0
205 157.0
252 184.0
254 155.0
253 229.0
279 194.0
292 192.0
358 149.0
1196-2-11.bmp
60 217.0
62 200.0
82 196.0
126 172.0
145 152.0
155 245.0
161 227.0
165 204.0
188 183.0
168 175.0
195 155.0
187 144.0
211 158.0
255 189.0
256 160.0
252 233.0
280 202.0
292 201.0
358 161.0
1196-3-11.bmp
58 214.0
60 199.0
78 195.0
121 169.0
139 152.0
150 241.0
155 223.0
158 200.0
178 182.0
164 174.0
186 156.0
176 143.0
204 157.0
246 186.0
250 157.0
242 227.0
267 196.0
279 194.0
349 153.0
1196-5-11.bmp
56 204.0
60 189.0
77 186.0
121 165.0
142 149.0
144 237.0
151 223.0
156 201.0
173 182.0
160 171.0
184 155.0
179 142.0
202 160.0
245 193.0
245 162.0
235 235.0
266 206.0
278 206.0
342 168.0
1196-6-11.bmp
61 221.0
64 204.0
85 200.0
129 174.0
149 153.0
162 248.0
166 230.0
169 207.0
192 186.0
173 176.0
197 157.0
188 144.0
218 160.0
262 188.0
261 158.0
258 232.0
282 197.0
296 195.0
367 153.0
1198-1-11.bmp
61 216.0
65 199.0
85 196.0
129 171.0
151 153.0
158 246.0
165 229.0
169 206.0
187 185.0
171 175.0
195 157.0
190 144.0
213 159.0
261 189.0
259 160.0
256 234.0
284 201.0
295 200.0
367 158.0
1198-2-11.bmp
60 208.0
64 193.0
83 190.0
126 168.0
149 151.0
152 241.0
158 224.0
163 202.0
182 182.0
172 173.0
195 155.0
190 143.0
212 159.0
250 189.0
259 162.0
249 234.0
276 204.0
290 203.0
359 166.0
1198-3-11.bmp
60 213.0
64 198.0
86 194.0
131 170.0
151 152.0
161 245.0
165 229.0
169 206.0
187 186.0
175 176.0
199 157.0
191 144.0
216 160.0
260 193.0
264 162.0
251 234.0
280 204.0
294 202.0
363 165.0
1198-4-11.bmp
60 200.0
63 186.0
85 184.0
130 165.0
147 149.0
156 237.0
161 221.0
166 199.0
186 182.0
170 171.0
198 156.0
191 142.0
214 160.0
254 192.0
263 165.0
248 234.0
276 204.0
289 206.0
361 175.0
1198-5-11.bmp
57 225.0
60 210.0
76 205.0
115 177.0
135 157.0
152 248.0
157 230.0
159 206.0
177 185.0
159 176.0
182 156.0
174 146.0
202 157.0
245 185.0
249 155.0
245 231.0
269 195.0
281 193.0
344 144.0
1202-1-11.bmp
57 216.0
60 200.0
77 197.0
120 171.0
139 153.0
148 240.0
154 224.0
158 204.0
176 183.0
165 175.0
184 155.0
176 143.0
202 157.0
244 185.0
249 157.0
242 229.0
268 196.0
281 195.0
347 155.0
1202-2-11.bmp
60 222.0
64 206.0
85 201.0
128 176.0
145 157.0
161 247.0
167 231.0
169 207.0
187 185.0
173 176.0
192 157.0
185 144.0
209 159.0
257 187.0
253 157.0
254 232.0
282 198.0
295 196.0
363 150.0
1202-3-11.bmp
59 218.0
64 202.0
82 199.0
123 172.0
142 154.0
155 244.0
160 228.0
163 206.0
180 183.0
165 175.0
187 155.0
180 144.0
206 157.0
252 186.0
250 157.0
249 229.0
276 196.0
288 195.0
355 156.0
1202-4-11.bmp
56 242.0
57 225.0
78 218.0
117 189.0
133 170.0
153 255.0
155 239.0
157 218.0
176 194.0
159 186.0
177 167.0
169 155.0
192 166.0
242 190.0
240 162.0
240 234.0
264 198.0
276 196.0
341 146.0
1202-5-11.bmp
58 214.0
60 199.0
80 196.0
121 171.0
140 154.0
149 244.0
155 225.0
160 204.0
181 186.0
165 175.0
186 157.0
180 144.0
206 160.0
249 189.0
251 160.0
244 231.0
271 200.0
282 199.0
350 157.0
1205-1-11.bmp
57 206.0
63 190.0
83 187.0
128 165.0
146 149.0
147 237.0
155 222.0
160 200.0
181 182.0
169 171.0
190 154.0
185 142.0
209 159.0
249 190.0
250 161.0
241 232.0
269 202.0
281 202.0
347 166.0
1205-2-11.bmp
60 206.0
65 190.0
87 188.0
133 166.0
152 150.0
154 243.0
164 225.0
168 204.0
190 186.0
175 175.0
198 157.0
192 143.0
216 161.0
260 195.0
260 164.0
249 238.0
278 208.0
293 207.0
361 169.0
1205-3-11.bmp
59 207.0
63 192.0
82 189.0
128 167.0
147 149.0
147 240.0
158 223.0
162 201.0
182 182.0
167 173.0
190 155.0
184 143.0
209 159.0
253 193.0
253 160.0
242 233.0
271 204.0
286 204.0
355 165.0
1205-4-11.bmp
60 210.0
64 193.0
87 189.0
130 168.0
148 151.0
155 241.0
162 224.0
165 203.0
188 183.0
173 173.0
194 156.0
187 143.0
211 159.0
255 192.0
255 163.0
249 234.0
275 204.0
289 203.0
358 164.0
1205-5-11.bmp
60 221.0
62 204.0
81 200.0
125 173.0
142 155.0
155 246.0
161 229.0
165 206.0
183 185.0
169 176.0
191 155.0
186 144.0
210 158.0
255 188.0
256 158.0
252 232.0
278 198.0
291 196.0
358 153.0
1217-1-11.bmp
59 207.0
61 192.0
82 189.0
127 168.0
147 151.0
150 240.0
158 225.0
162 202.0
184 184.0
169 173.0
194 156.0
187 143.0
212 160.0
252 192.0
258 164.0
245 236.0
275 205.0
287 205.0
355 168.0
1217-2-11.bmp
59 228.0
60 211.0
79 207.0
122 178.0
138 159.0
158 250.0
162 233.0
164 209.0
183 188.0
166 179.0
187 157.0
180 145.0
205 159.0
253 187.0
253 157.0
251 233.0
277 196.0
291 195.0
354 146.0
1217-3-11.bmp
59 208.0
64 192.0
81 189.0
125 167.0
144 151.0
151 240.0
158 223.0
162 202.0
181 182.0
167 172.0
190 155.0
185 143.0
207 159.0
253 191.0
257 161.0
244 233.0
272 203.0
285 202.0
355 165.0
1217-4-11.bmp
60 212.0
63 195.0
85 192.0
129 168.0
147 152.0
151 245.0
161 227.0
165 204.0
185 185.0
173 176.0
193 157.0
189 144.0
212 162.0
256 193.0
260 164.0
249 238.0
280 207.0
293 206.0
361 168.0
1217-5-11.bmp
57 230.0
61 214.0
81 208.0
117 182.0
137 160.0
152 248.0
158 232.0
159 210.0
175 187.0
160 179.0
183 158.0
176 147.0
198 160.0
244 186.0
246 156.0
244 231.0
269 195.0
281 193.0
345 144.0
1221-1-11.bmp
58 238.0
59 222.0
80 214.0
120 184.0
136 164.0
156 257.0
160 238.0
162 214.0
178 192.0
164 185.0
183 163.0
176 152.0
205 164.0
249 189.0
249 160.0
249 235.0
273 199.0
285 196.0
349 146.0
1221-2-11.bmp
60 218.0
63 203.0
87 197.0
126 171.0
144 153.0
156 245.0
162 227.0
165 204.0
182 184.0
170 175.0
191 156.0
184 144.0
209 158.0
254 187.0
254 157.0
250 232.0
277 200.0
291 197.0
358 154.0
1221-3-11.bmp
59 207.0
65 193.0
85 190.0
125 168.0
145 150.0
149 242.0
158 225.0
162 203.0
184 185.0
170 175.0
192 157.0
187 143.0
209 160.0
249 193.0
257 165.0
245 237.0
276 209.0
289 209.0
356 171.0
1221-4-11.bmp
59 213.0
59 197.0
77 193.0
121 170.0
141 152.0
152 243.0
159 226.0
163 204.0
184 184.0
168 173.0
186 154.0
182 143.0
208 157.0
252 188.0
254 158.0
252 232.0
276 200.0
288 198.0
355 154.0
1221-5-11.bmp
52 287.0
52 270.0
70 259.0
101 226.0
115 203.0
148 289.0
151 269.0
147 247.0
158 222.0
144 217.0
158 194.0
150 184.0
182 191.0
228 208.0
227 180.0
234 251.0
251 212.0
261 208.0
313 150.0
1222-1-11.bmp
60 232.0
60 214.0
82 207.0
123 178.0
140 159.0
158 251.0
162 231.0
165 208.0
184 184.0
173 178.0
191 158.0
180 145.0
214 160.0
255 184.0
264 156.0
252 231.0
279 194.0
293 193.0
359 149.0
1222-2-11.bmp
57 244.0
59 228.0
78 222.0
121 190.0
137 170.0
152 262.0
158 243.0
160 219.0
178 197.0
162 189.0
184 166.0
174 156.0
202 168.0
248 193.0
249 163.0
247 237.0
271 201.0
282 197.0
346 146.0
1222-3-11.bmp
59 242.0
60 225.0
82 217.0
122 188.0
140 166.0
158 258.0
163 239.0
165 214.0
187 193.0
168 184.0
185 164.0
177 152.0
205 164.0
253 189.0
253 159.0
255 236.0
279 196.0
291 194.0
356 146.0
1222-4-11.bmp
57 247.0
58 230.0
79 222.0
118 192.0
133 171.0
154 261.0
159 243.0
160 221.0
175 196.0
164 192.0
182 168.0
173 156.0
200 168.0
245 193.0
247 161.0
246 237.0
270 200.0
281 196.0
344 146.0
1222-5-11.bmp
58 258.0
57 240.0
78 232.0
116 200.0
129 181.0
159 270.0
162 251.0
162 228.0
175 204.0
158 197.0
177 175.0
168 164.0
197 175.0
244 196.0
245 168.0
249 243.0
273 204.0
285 201.0
345 148.0
1223-1-11.bmp
58 229.0
60 214.0
78 208.0
122 179.0
139 160.0
155 250.0
159 231.0
162 208.0
180 187.0
162 179.0
187 157.0
179 146.0
205 158.0
252 185.0
249 155.0
252 229.0
274 194.0
288 191.0
351 145.0
1223-2-11.bmp
57 261.0
57 243.0
76 236.0
116 204.0
131 182.0
161 273.0
162 254.0
161 230.0
177 207.0
158 199.0
180 175.0
173 165.0
201 175.0
249 198.0
247 168.0
253 243.0
274 205.0
287 201.0
344 148.0
1223-3-11.bmp
60 212.0
66 196.0
83 193.0
128 171.0
151 152.0
155 246.0
162 229.0
169 207.0
189 186.0
173 175.0
198 158.0
192 144.0
217 162.0
261 194.0
260 164.0
256 237.0
285 207.0
298 207.0
365 166.0
1223-4-11.bmp
60 208.0
65 193.0
82 190.0
130 168.0
151 151.0
154 244.0
162 228.0
166 204.0
183 183.0
171 174.0
195 157.0
191 144.0
216 161.0
260 196.0
267 165.0
245 240.0
281 208.0
290 208.0
364 171.0
1223-5-11.bmp
59 225.0
62 210.0
82 204.0
127 175.0
146 155.0
158 250.0
162 231.0
168 207.0
188 186.0
169 177.0
189 157.0
184 145.0
208 157.0
256 186.0
251 157.0
253 229.0
278 195.0
290 193.0
354 146.0
1226-1-11.bmp
56 233.0
56 215.0
76 210.0
115 183.0
131 162.0
146 253.0
151 236.0
155 212.0
176 190.0
155 181.0
176 161.0
169 149.0
192 161.0
239 189.0
237 158.0
240 232.0
264 198.0
277 196.0
334 145.0
1226-2-11.bmp
56 222.0
59 205.0
79 200.0
118 175.0
132 155.0
144 245.0
151 227.0
156 205.0
179 183.0
156 175.0
179 156.0
173 144.0
196 157.0
241 186.0
239 155.0
239 226.0
263 196.0
275 193.0
335 146.0
1226-3-11.bmp
57 216.0
60 200.0
80 195.0
122 172.0
139 153.0
143 244.0
152 227.0
159 206.0
180 186.0
164 175.0
181 156.0
175 144.0
202 159.0
245 189.0
245 159.0
240 232.0
267 200.0
280 200.0
344 160.0
1226-4-11.bmp
56 222.0
59 206.0
80 201.0
118 176.0
136 155.0
147 247.0
153 228.0
158 207.0
180 186.0
158 175.0
180 157.0
173 144.0
198 159.0
246 186.0
242 156.0
242 229.0
268 197.0
282 195.0
340 146.0
1226-5-11.bmp
59 230.0
61 214.0
84 207.0
123 182.0
143 162.0
157 250.0
161 232.0
163 210.0
184 189.0
169 182.0
187 160.0
180 147.0
209 161.0
254 187.0
252 157.0
252 229.0
272 194.0
286 192.0
355 145.0
1231-1-11.bmp
60 202.0
64 187.0
85 185.0
131 164.0
149 148.0
149 238.0
158 222.0
164 200.0
188 183.0
173 171.0
197 156.0
193 142.0
217 162.0
253 193.0
261 166.0
245 236.0
273 207.0
287 207.0
361 177.0
1231-2-11.bmp
58 217.0
59 200.0
80 194.0
122 170.0
140 153.0
144 244.0
154 225.0
158 204.0
180 185.0
166 175.0
188 157.0
181 144.0
208 160.0
246 189.0
251 161.0
238 233.0
267 202.0
280 202.0
351 165.0
1231-3-11.bmp
56 235.0
56 218.0
75 213.0
116 182.0
132 162.0
148 251.0
155 233.0
156 211.0
177 188.0
159 180.0
179 160.0
169 149.0
199 161.0
242 186.0
242 157.0
242 227.0
266 193.0
277 192.0
340 145.0
1231-4-11.bmp
59 222.0
61 207.0
83 200.0
122 175.0
140 156.0
155 247.0
161 228.0
162 205.0
184 186.0
169 176.0
189 156.0
180 144.0
208 158.0
249 186.0
250 157.0
247 229.0
272 196.0
285 194.0
355 151.0
1231-5-11.bmp
56 232.0
56 215.0
74 209.0
112 178.0
127 159.0
147 254.0
153 235.0
154 210.0
176 188.0
155 178.0
173 157.0
167 146.0
195 159.0
241 186.0
232 157.0
240 235.0
264 198.0
277 196.0
336 146.0
120-1-9.jpg
60 215.0
63 200.0
82 196.0
125 169.0
139 153.0
155 246.0
162 226.0
165 204.0
187 185.0
170 173.0
190 155.0
185 144.0
213 158.0
256 189.0
249 157.0
253 232.0
280 201.0
293 200.0
358 157.0
120-2-9.jpg
60 215.0
65 194.0
84 191.0
129 166.0
143 152.0
157 247.0
164 227.0
167 204.0
188 185.0
171 172.0
195 156.0
190 144.0
216 160.0
259 192.0
252 160.0
255 236.0
283 206.0
296 204.0
361 164.0
120-3-9.jpg
56 223.0
58 207.0
77 202.0
115 174.0
126 158.0
153 247.0
158 229.0
158 204.0
179 185.0
160 175.0
178 154.0
173 145.0
203 157.0
242 183.0
239 154.0
246 229.0
272 196.0
283 193.0
340 144.0
120-4-9.jpg
56 241.0
58 224.0
77 217.0
116 186.0
129 169.0
157 260.0
161 239.0
160 216.0
178 195.0
160 185.0
177 164.0
173 153.0
199 164.0
243 189.0
242 160.0
249 236.0
274 200.0
285 196.0
340 146.0
120-5-9.jpg
57 240.0
59 222.0
79 216.0
118 186.0
133 168.0
158 258.0
164 238.0
162 214.0
180 194.0
161 186.0
180 164.0
173 153.0
200 163.0
242 189.0
238 159.0
250 236.0
275 198.0
285 194.0
344 146.0
121-1-9.jpg
53 316.0
51 299.0
68 289.0
99 248.0
108 226.0
157 309.0
156 289.0
149 266.0
162 241.0
139 236.0
154 212.0
144 204.0
173 207.0
224 221.0
208 193.0
239 265.0
253 222.0
262 218.0
307 155.0
121-2-9.jpg
59 216.0
62 200.0
84 196.0
128 171.0
143 157.0
160 248.0
168 228.0
169 204.0
190 186.0
169 175.0
193 157.0
188 144.0
214 157.0
255 188.0
251 157.0
253 235.0
280 200.0
293 198.0
355 156.0
121-3-9.jpg
57 243.0
60 228.0
82 220.0
120 190.0
133 172.0
164 260.0
168 241.0
165 218.0
184 196.0
164 189.0
184 165.0
177 156.0
204 165.0
249 191.0
240 161.0
253 237.0
276 200.0
286 196.0
344 146.0
121-4-9.jpg
55 286.0
56 268.0
71 261.0
110 224.0
121 202.0
158 292.0
159 272.0
156 247.0
170 222.0
152 215.0
169 190.0
162 180.0
192 187.0
237 208.0
227 178.0
247 254.0
269 214.0
278 211.0
330 151.0
121-5-9.jpg
59 273.0
56 256.0
74 248.0
114 214.0
125 193.0
164 282.0
168 261.0
165 238.0
179 214.0
160 207.0
176 184.0
169 173.0
202 183.0
249 203.0
239 176.0
261 249.0
279 210.0
289 206.0
342 149.0
204-1-6.jpg
60 230.0
61 213.0
84 207.0
123 181.0
138 160.0
165 253.0
169 232.0
169 209.0
188 187.0
170 178.0
189 156.0
182 146.0
211 158.0
256 185.0
256 156.0
261 230.0
288 197.0
299 193.0
358 145.0
204-2-6.jpg
59 239.0
60 221.0
80 215.0
122 184.0
136 166.0
162 260.0
169 238.0
169 213.0
187 191.0
169 182.0
185 162.0
177 152.0
207 163.0
258 189.0
243 159.0
260 235.0
285 201.0
296 198.0
356 146.0
204-3-6.jpg
60 244.0
57 225.0
77 219.0
118 189.0
132 171.0
162 261.0
166 242.0
164 217.0
184 195.0
165 186.0
181 164.0
176 154.0
204 166.0
251 193.0
242 161.0
256 237.0
280 202.0
293 200.0
347 146.0
204-4-6.jpg
60 266.0
58 248.0
81 241.0
119 208.0
129 188.0
165 277.0
169 258.0
166 233.0
180 210.0
163 203.0
180 178.0
173 169.0
203 177.0
250 200.0
245 171.0
258 246.0
279 208.0
293 203.0
348 149.0
204-5-6.jpg
60 216.0
64 198.0
85 195.0
126 171.0
142 155.0
157 251.0
162 230.0
165 206.0
191 189.0
172 175.0
194 158.0
187 145.0
218 162.0
256 196.0
251 164.0
253 243.0
286 211.0
296 209.0
360 168.0
216-1-6.jpg
60 225.0
61 209.0
82 204.0
122 176.0
137 157.0
159 255.0
165 234.0
167 210.0
185 188.0
168 178.0
187 157.0
182 146.0
209 159.0
253 189.0
253 158.0
258 240.0
287 204.0
297 201.0
360 155.0
216-2-6.jpg
59 224.0
60 207.0
84 202.0
121 177.0
134 158.0
160 251.0
164 230.0
164 207.0
186 187.0
165 175.0
185 157.0
178 145.0
209 158.0
250 187.0
245 157.0
253 233.0
280 198.0
290 196.0
353 148.0
216-3-6.jpg
59 240.0
61 223.0
81 217.0
121 186.0
135 168.0
162 261.0
165 240.0
165 216.0
184 193.0
165 184.0
184 163.0
177 151.0
205 164.0
253 190.0
247 159.0
259 237.0
285 200.0
296 197.0
355 146.0
216-4-6.jpg
60 231.0
61 214.0
83 207.0
122 179.0
136 160.0
161 258.0
165 234.0
167 211.0
188 189.0
171 178.0
188 157.0
180 146.0
212 159.0
253 186.0
253 157.0
261 236.0
286 200.0
298 196.0
359 147.0
216-5-6.jpg
57 244.0
56 228.0
75 222.0
111 193.0
126 171.0
154 262.0
155 242.0
157 220.0
175 198.0
155 189.0
173 167.0
169 156.0
194 166.0
239 192.0
238 162.0
245 236.0
271 201.0
281 197.0
339 146.0
220-1-6.jpg
56 275.0
54 258.0
72 250.0
105 218.0
118 196.0
155 282.0
155 262.0
153 240.0
169 216.0
150 210.0
164 186.0
159 175.0
184 184.0
234 204.0
228 174.0
245 247.0
266 211.0
274 207.0
325 149.0
220-2-6.jpg
57 224.0
59 208.0
80 202.0
118 175.0
132 157.0
159 247.0
162 229.0
164 205.0
181 185.0
164 175.0
181 155.0
178 144.0
205 157.0
247 185.0
245 156.0
253 229.0
278 196.0
287 194.0
345 146.0
220-3-6.jpg
57 224.0
60 208.0
82 202.0
120 175.0
134 157.0
160 247.0
165 228.0
165 205.0
185 184.0
165 175.0
183 155.0
177 144.0
207 157.0
247 184.0
244 156.0
253 229.0
277 196.0
286 193.0
345 147.0
220-4-6.jpg
58 223.0
59 207.0
80 202.0
119 175.0
135 157.0
155 245.0
161 228.0
162 204.0
184 184.0
165 175.0
182 155.0
177 144.0
203 157.0
250 184.0
244 153.0
254 227.0
280 196.0
291 193.0
350 145.0
220-5-6.jpg
60 206.0
64 190.0
87 188.0
133 165.0
151 150.0
158 245.0
165 225.0
170 204.0
194 185.0
176 172.0
197 155.0
193 144.0
220 160.0
257 192.0
255 163.0
256 239.0
285 207.0
298 206.0
364 165.0
225-1-6.jpg
61 200.0
67 184.0
89 183.0
134 164.0
155 149.0
158 243.0
168 225.0
173 202.0
198 186.0
182 171.0
202 155.0
200 143.0
225 161.0
261 194.0
260 164.0
256 241.0
287 211.0
299 209.0
369 172.0
225-2-6.jpg
60 223.0
65 207.0
87 201.0
130 175.0
147 157.0
163 253.0
171 233.0
172 210.0
198 189.0
177 177.0
195 157.0
189 145.0
218 160.0
259 187.0
253 159.0
260 235.0
287 200.0
300 197.0
365 149.0
225-3-6.jpg
61 211.0
66 196.0
87 193.0
132 169.0
151 153.0
162 247.0
169 228.0
173 206.0
195 187.0
181 174.0
198 156.0
194 144.0
220 160.0
260 190.0
257 162.0
260 238.0
289 207.0
301 204.0
367 164.0
225-4-6.jpg
60 207.0
64 192.0
85 189.0
127 169.0
144 153.0
152 244.0
159 225.0
163 204.0
187 187.0
171 175.0
194 157.0
190 144.0
213 161.0
248 194.0
249 164.0
248 239.0
278 209.0
290 207.0
360 168.0
225-6-6.jpg
57 250.0
56 232.0
78 225.0
115 196.0
129 176.0
156 266.0
160 246.0
158 223.0
174 200.0
158 193.0
176 172.0
167 160.0
198 172.0
242 195.0
235 167.0
250 240.0
273 206.0
285 201.0
339 147.0
227-1-6.jpg
56 298.0
53 282.0
73 271.0
107 235.0
115 214.0
157 298.0
158 279.0
154 256.0
166 231.0
151 225.0
163 201.0
152 192.0
184 198.0
232 214.0
220 187.0
245 259.0
264 219.0
273 214.0
317 152.0
227-2-6.jpg
58 228.0
61 211.0
76 207.0
121 178.0
135 159.0
158 252.0
163 232.0
163 210.0
186 189.0
165 178.0
183 157.0
176 146.0
205 160.0
250 187.0
238 157.0
252 233.0
277 196.0
287 193.0
351 145.0
227-3-6.jpg
60 207.0
67 190.0
86 189.0
130 167.0
151 150.0
158 247.0
164 227.0
169 207.0
194 187.0
175 173.0
198 156.0
194 144.0
217 162.0
256 196.0
250 165.0
254 243.0
282 211.0
293 210.0
363 171.0
227-4-6.jpg
55 282.0
55 265.0
76 255.0
111 222.0
123 200.0
158 287.0
160 266.0
158 244.0
173 218.0
156 213.0
171 191.0
161 181.0
193 189.0
238 207.0
233 180.0
250 253.0
271 213.0
281 207.0
332 150.0
227-5-6.jpg
56 229.0
56 213.0
75 207.0
114 181.0
129 163.0
149 252.0
153 232.0
155 211.0
175 190.0
155 180.0
177 160.0
173 149.0
200 163.0
242 188.0
236 159.0
244 234.0
269 198.0
279 195.0
336 145.0
247-1-6.jpg
58 231.0
57 214.0
78 208.0
118 182.0
133 161.0
156 255.0
160 232.0
162 211.0
181 189.0
163 180.0
182 159.0
178 146.0
202 160.0
247 189.0
239 159.0
249 235.0
276 200.0
286 196.0
346 146.0
247-2-6.jpg
59 232.0
60 217.0
82 211.0
124 182.0
137 164.0
163 256.0
167 235.0
168 214.0
188 192.0
168 182.0
186 161.0
181 150.0
209 163.0
252 189.0
250 159.0
259 233.0
282 198.0
295 195.0
355 146.0
247-3-6.jpg
58 251.0
57 233.0
81 226.0
118 196.0
131 178.0
157 267.0
161 247.0
160 224.0
180 201.0
165 193.0
181 172.0
173 161.0
203 172.0
248 196.0
238 168.0
256 244.0
277 206.0
288 201.0
346 147.0
247-4-6.jpg
60 200.0
64 184.0
85 182.0
131 164.0
150 149.0
153 241.0
162 222.0
166 201.0
195 186.0
176 171.0
198 157.0
195 143.0
219 164.0
257 197.0
254 167.0
249 242.0
281 213.0
293 213.0
361 178.0
247-5-6.jpg
56 215.0
59 199.0
79 194.0
118 171.0
135 154.0
149 244.0
155 227.0
157 205.0
180 186.0
162 174.0
182 155.0
177 144.0
205 160.0
242 189.0
242 160.0
243 233.0
270 204.0
281 202.0
342 160.0
252-1-6.jpg
58 222.0
60 207.0
79 202.0
118 176.0
133 158.0
158 250.0
162 230.0
163 207.0
184 186.0
162 175.0
181 157.0
176 145.0
204 159.0
248 186.0
242 156.0
253 233.0
278 199.0
288 196.0
348 150.0
252-2-6.jpg
113 216.0
132 192.0
166 197.0
252 186.0
294 166.0
260 340.0
286 311.0
308 275.0
362 258.0
336 222.0
387 204.0
387 181.0
424 225.0
477 314.0
489 251.0
442 391.0
512 352.0
536 358.0
679 326.0
252-3-6.jpg
59 222.0
64 207.0
84 201.0
124 176.0
140 157.0
158 250.0
165 231.0
166 207.0
190 189.0
170 178.0
191 157.0
184 145.0
215 160.0
255 189.0
252 158.0
257 236.0
281 201.0
294 200.0
355 153.0
252-4-6.jpg
57 218.0
62 203.0
82 199.0
122 173.0
136 157.0
155 246.0
161 229.0
162 207.0
185 188.0
164 176.0
185 157.0
182 144.0
209 160.0
245 189.0
243 161.0
247 235.0
275 205.0
286 204.0
345 161.0
252-5-6.jpg
56 236.0
57 220.0
77 213.0
116 185.0
129 165.0
153 255.0
158 236.0
158 214.0
180 192.0
163 183.0
177 163.0
169 152.0
197 163.0
238 188.0
235 159.0
248 233.0
269 200.0
281 196.0
341 146.0
256-1-6.jpg
58 257.0
57 239.0
75 232.0
115 199.0
128 178.0
158 271.0
162 251.0
159 227.0
179 204.0
160 196.0
177 172.0
169 162.0
197 173.0
243 196.0
237 167.0
250 244.0
276 206.0
285 202.0
344 148.0
256-2-6.jpg
111 316.0
118 283.0
158 272.0
235 218.0
262 186.0
300 360.0
312 324.0
313 279.0
357 240.0
328 221.0
357 181.0
344 161.0
402 184.0
482 239.0
473 181.0
483 325.0
536 259.0
557 253.0
668 164.0
256-3-6.jpg
60 226.0
62 210.0
82 204.0
116 179.0
136 158.0
158 251.0
162 231.0
163 208.0
184 186.0
166 177.0
186 156.0
181 145.0
209 159.0
255 188.0
248 157.0
256 234.0
284 200.0
296 196.0
360 150.0
256-4-6.jpg
57 224.0
59 207.0
78 204.0
118 176.0
129 158.0
151 247.0
158 229.0
159 207.0
180 186.0
162 175.0
182 157.0
174 146.0
205 159.0
244 186.0
238 156.0
247 231.0
270 196.0
282 195.0
344 144.0
256-5-6.jpg
59 211.0
63 196.0
84 193.0
121 171.0
142 152.0
152 247.0
162 227.0
162 205.0
185 186.0
169 175.0
191 156.0
185 144.0
213 161.0
250 192.0
251 162.0
247 238.0
278 206.0
289 206.0
355 165.0
258-1-6.jpg
58 218.0
62 203.0
82 199.0
122 172.0
136 156.0
155 247.0
159 229.0
162 206.0
181 186.0
164 175.0
184 155.0
179 144.0
205 159.0
248 189.0
246 159.0
249 233.0
275 202.0
285 200.0
350 157.0
258-2-6.jpg
59 206.0
65 190.0
85 187.0
125 166.0
142 151.0
152 242.0
159 222.0
162 201.0
184 183.0
168 171.0
190 156.0
184 143.0
211 160.0
247 190.0
249 163.0
247 235.0
274 206.0
287 205.0
354 167.0
258-3-6.jpg
56 225.0
59 209.0
78 204.0
116 175.0
130 157.0
154 250.0
158 229.0
158 207.0
173 184.0
158 177.0
179 157.0
172 145.0
200 158.0
241 185.0
238 155.0
245 229.0
271 195.0
282 193.0
341 147.0
258-4-6.jpg
59 209.0
64 192.0
83 190.0
124 168.0
142 151.0
151 247.0
158 228.0
162 204.0
185 186.0
165 172.0
191 156.0
185 144.0
212 162.0
253 194.0
253 164.0
249 239.0
279 208.0
292 206.0
356 168.0
258-5-6.jpg
60 226.0
62 209.0
82 204.0
122 175.0
140 157.0
162 251.0
166 230.0
168 209.0
188 188.0
166 177.0
187 157.0
181 145.0
209 160.0
255 188.0
249 157.0
257 234.0
282 201.0
295 199.0
358 154.0
262-3-9.jpg
59 225.0
61 207.0
82 203.0
122 176.0
139 157.0
158 251.0
164 229.0
165 207.0
186 186.0
165 176.0
184 155.0
179 145.0
205 158.0
253 186.0
249 156.0
256 233.0
278 197.0
292 195.0
355 151.0
262-4-9.jpg
60 217.0
63 200.0
80 197.0
126 173.0
146 154.0
158 251.0
165 230.0
169 209.0
189 189.0
169 175.0
193 157.0
189 145.0
214 161.0
254 196.0
254 162.0
254 242.0
279 210.0
293 209.0
361 168.0
262-5-9.jpg
59 231.0
61 214.0
81 209.0
123 178.0
137 160.0
161 251.0
167 231.0
166 209.0
187 187.0
165 177.0
184 157.0
179 145.0
205 157.0
251 186.0
246 153.0
255 232.0
277 195.0
289 192.0
354 145.0
262-6-9.jpg
60 224.0
64 207.0
82 204.0
125 175.0
140 157.0
162 250.0
169 229.0
169 206.0
193 186.0
167 175.0
186 156.0
182 145.0
210 158.0
256 186.0
250 155.0
257 231.0
280 196.0
294 193.0
359 147.0
262-7-9.jpg
58 210.0
61 193.0
79 191.0
124 168.0
141 152.0
152 244.0
158 225.0
162 203.0
186 185.0
167 173.0
186 155.0
183 144.0
211 160.0
250 191.0
246 160.0
246 237.0
275 205.0
288 204.0
351 161.0
434-1-6.jpg
60 182.0
71 167.0
94 169.0
139 157.0
158 146.0
144 239.0
156 222.0
164 201.0
194 188.0
178 171.0
204 159.0
203 148.0
227 171.0
256 213.0
264 182.0
241 258.0
276 232.0
290 233.0
364 211.0
434-2-6.jpg
62 202.0
67 185.0
86 184.0
136 163.0
156 148.0
158 243.0
165 225.0
172 204.0
197 187.0
181 173.0
203 156.0
202 144.0
226 162.0
265 198.0
268 168.0
259 246.0
293 218.0
304 217.0
372 179.0
434-3-6.jpg
56 240.0
56 222.0
73 216.0
115 185.0
126 167.0
154 256.0
158 237.0
158 214.0
177 193.0
160 183.0
176 162.0
171 150.0
201 163.0
245 188.0
242 158.0
252 236.0
276 200.0
286 196.0
339 146.0
434-5-6.jpg
59 264.0
56 245.0
75 238.0
112 204.0
125 184.0
161 273.0
162 253.0
161 230.0
177 206.0
159 199.0
173 176.0
168 165.0
202 175.0
247 197.0
239 167.0
257 245.0
278 206.0
290 203.0
340 148.0
434-6-6.jpg
111 287.0
116 256.0
155 250.0
234 207.0
265 177.0
289 350.0
304 316.0
307 270.0
352 240.0
316 215.0
358 184.0
351 160.0
397 193.0
465 250.0
463 196.0
462 338.0
517 279.0
544 277.0
667 207.0
644-1-9.jpg
56 254.0
57 237.0
75 229.0
115 198.0
129 177.0
160 269.0
162 247.0
160 224.0
180 201.0
159 193.0
176 171.0
170 160.0
195 171.0
238 193.0
237 164.0
249 238.0
271 202.0
284 198.0
339 147.0
644-2-9.jpg
57 240.0
57 222.0
75 217.0
115 187.0
129 168.0
160 258.0
162 239.0
159 214.0
179 191.0
160 183.0
179 163.0
174 152.0
202 163.0
242 188.0
243 159.0
250 233.0
274 197.0
285 194.0
344 146.0
644-3-9.jpg
53 285.0
53 268.0
68 259.0
101 225.0
111 204.0
151 288.0
153 269.0
147 246.0
163 221.0
143 215.0
158 192.0
151 182.0
181 189.0
230 209.0
219 178.0
237 253.0
255 212.0
266 207.0
316 150.0
644-4-9.jpg
53 319.0
49 301.0
65 292.0
97 251.0
103 230.0
151 312.0
150 290.0
143 268.0
159 242.0
137 237.0
149 214.0
140 204.0
171 209.0
218 223.0
207 196.0
235 265.0
248 225.0
256 218.0
299 155.0
644-5-9.jpg
57 232.0
59 214.0
82 208.0
119 180.0
133 162.0
158 251.0
163 232.0
162 209.0
180 188.0
164 178.0
184 158.0
177 146.0
209 159.0
246 186.0
244 157.0
247 231.0
272 196.0
286 193.0
346 145.0
670-1-6.jpg
57 272.0
56 254.0
77 246.0
112 214.0
126 191.0
159 281.0
162 261.0
159 238.0
175 211.0
159 206.0
174 183.0
166 172.0
198 182.0
247 204.0
234 175.0
254 250.0
275 211.0
286 207.0
339 149.0
670-2-6.jpg
56 256.0
58 240.0
76 233.0
115 201.0
125 183.0
162 269.0
164 251.0
162 226.0
179 203.0
158 195.0
175 175.0
166 164.0
199 174.0
247 196.0
234 168.0
254 240.0
275 203.0
285 199.0
341 147.0
670-3-6.jpg
55 296.0
53 279.0
71 271.0
106 232.0
115 212.0
157 298.0
158 277.0
152 254.0
168 228.0
151 223.0
163 200.0
154 190.0
187 195.0
235 214.0
224 185.0
248 259.0
267 218.0
277 212.0
322 152.0
670-4-6.jpg
56 277.0
56 261.0
75 252.0
111 219.0
122 200.0
162 282.0
165 264.0
161 240.0
176 216.0
159 210.0
174 186.0
165 178.0
196 186.0
243 204.0
231 177.0
252 247.0
274 209.0
282 204.0
336 149.0
670-5-6.jpg
58 243.0
60 226.0
78 220.0
119 190.0
134 168.0
161 261.0
164 241.0
163 217.0
184 196.0
166 186.0
185 164.0
177 153.0
211 165.0
253 192.0
252 160.0
256 238.0
280 200.0
294 199.0
351 146.0
674-1-6.bmp
57 254.0
57 237.0
78 230.0
116 198.0
130 178.0
161 270.0
163 252.0
163 227.0
182 203.0
162 194.0
177 172.0
171 162.0
202 171.0
250 196.0
245 167.0
255 246.0
278 206.0
291 202.0
346 148.0
674-2-6.bmp
60 220.0
62 203.0
80 199.0
125 175.0
142 156.0
158 253.0
164 232.0
168 209.0
191 189.0
170 176.0
195 157.0
187 145.0
216 160.0
253 192.0
255 162.0
256 240.0
282 206.0
293 204.0
359 159.0
674-3-6.bmp
61 212.0
67 196.0
87 193.0
129 171.0
146 153.0
156 248.0
165 230.0
167 206.0
191 188.0
173 175.0
195 156.0
188 144.0
219 160.0
260 193.0
258 161.0
256 241.0
287 207.0
301 206.0
368 161.0
674-4-6.bmp
57 245.0
56 229.0
74 223.0
115 192.0
127 172.0
155 261.0
158 242.0
158 218.0
176 196.0
158 188.0
176 166.0
169 156.0
197 168.0
241 190.0
237 163.0
248 235.0
271 200.0
281 197.0
340 146.0
674-5-6.bmp
58 221.0
60 205.0
80 200.0
122 175.0
136 156.0
164 248.0
169 227.0
166 204.0
184 184.0
171 175.0
185 157.0
176 144.0
209 157.0
254 185.0
245 156.0
253 231.0
282 196.0
293 194.0
351 149.0
676-1-6.bmp
60 221.0
63 204.0
83 201.0
127 175.0
142 157.0
163 250.0
169 230.0
168 207.0
190 188.0
173 178.0
194 157.0
186 145.0
216 160.0
259 191.0
252 160.0
256 236.0
286 203.0
296 201.0
361 157.0
676-2-6.bmp
59 226.0
59 207.0
80 203.0
123 176.0
138 157.0
159 251.0
164 230.0
165 207.0
185 186.0
170 176.0
190 157.0
182 145.0
211 159.0
253 188.0
248 157.0
253 233.0
281 200.0
292 198.0
353 152.0
676-3-6.bmp
57 237.0
57 221.0
77 215.0
113 189.0
129 167.0
162 256.0
164 236.0
164 214.0
183 193.0
161 183.0
178 163.0
172 152.0
201 165.0
249 189.0
239 160.0
257 235.0
281 200.0
293 196.0
347 146.0
676-4-6.bmp
58 220.0
60 204.0
85 200.0
122 175.0
136 157.0
159 247.0
165 229.0
165 206.0
184 185.0
167 175.0
187 157.0
179 144.0
209 159.0
253 187.0
245 159.0
253 232.0
281 200.0
291 198.0
351 154.0
676-5-6.bmp
59 232.0
63 216.0
84 210.0
124 182.0
137 164.0
165 257.0
169 237.0
169 213.0
187 191.0
169 181.0
187 161.0
181 150.0
208 163.0
256 189.0
245 160.0
260 236.0
286 201.0
296 199.0
356 146.0
679-1-6.bmp
60 207.0
65 193.0
83 190.0
131 166.0
150 149.0
159 244.0
167 225.0
167 201.0
187 182.0
175 172.0
197 154.0
193 144.0
218 158.0
257 189.0
254 160.0
257 236.0
285 206.0
298 204.0
364 164.0
679-2-6.bmp
60 204.0
66 189.0
86 187.0
130 165.0
147 149.0
159 246.0
167 225.0
169 204.0
189 186.0
174 172.0
196 157.0
192 144.0
218 161.0
257 196.0
254 165.0
253 241.0
284 211.0
295 211.0
362 172.0
679-3-6.bmp
61 196.0
71 182.0
89 182.0
134 163.0
155 146.0
159 248.0
168 229.0
173 206.0
197 189.0
180 175.0
203 158.0
202 145.0
224 165.0
261 204.0
261 173.0
255 252.0
287 223.0
299 224.0
370 192.0
679-4-6.bmp
61 193.0
68 179.0
87 179.0
158 145.0
136 159.0
157 244.0
165 227.0
171 202.0
195 187.0
178 171.0
206 157.0
202 144.0
227 164.0
264 205.0
265 174.0
249 248.0
285 222.0
296 224.0
369 193.0
679-5-6.bmp
63 219.0
66 202.0
89 198.0
133 174.0
152 155.0
165 254.0
173 234.0
176 211.0
202 190.0
182 178.0
203 158.0
198 146.0
227 163.0
276 199.0
268 163.0
266 244.0
299 212.0
311 211.0
379 166.0
685-1-6.bmp
62 204.0
68 186.0
86 186.0
136 164.0
155 149.0
158 246.0
167 227.0
172 204.0
199 188.0
180 173.0
205 156.0
201 144.0
230 163.0
264 198.0
267 168.0
260 244.0
290 214.0
302 214.0
373 178.0
685-2-6.bmp
60 235.0
60 218.0
82 212.0
121 185.0
138 164.0
162 257.0
166 236.0
168 214.0
191 193.0
169 182.0
188 161.0
180 150.0
216 163.0
258 191.0
255 160.0
260 236.0
285 203.0
297 200.0
362 146.0
685-3-6.bmp
60 218.0
61 201.0
82 197.0
123 173.0
141 154.0
157 250.0
163 230.0
167 208.0
189 188.0
171 175.0
192 157.0
187 145.0
216 160.0
258 195.0
256 163.0
253 241.0
283 208.0
296 207.0
363 161.0
685-4-6.bmp
60 199.0
66 183.0
87 182.0
133 165.0
154 149.0
152 245.0
162 225.0
168 204.0
195 187.0
177 173.0
202 158.0
198 144.0
227 164.0
258 200.0
260 170.0
249 247.0
284 218.0
295 218.0
365 183.0
685-5-6.bmp
56 245.0
55 229.0
71 224.0
109 193.0
122 175.0
151 260.0
153 242.0
153 219.0
172 196.0
151 189.0
169 168.0
164 160.0
193 168.0
232 189.0
231 162.0
240 234.0
263 201.0
272 196.0
333 146.0
914-1-9.bmp
59 194.0
63 178.0
81 178.0
128 160.0
148 146.0
147 241.0
156 223.0
162 201.0
186 186.0
170 171.0
194 156.0
191 143.0
216 164.0
248 199.0
254 170.0
239 243.0
268 215.0
282 216.0
356 186.0
914-2-9.bmp
57 224.0
58 206.0
74 202.0
116 175.0
135 155.0
151 251.0
156 232.0
158 208.0
180 188.0
160 176.0
181 156.0
174 145.0
204 158.0
243 189.0
245 157.0
243 236.0
270 202.0
281 199.0
345 154.0
914-3-9.bmp
59 214.0
62 197.0
82 196.0
122 171.0
142 153.0
154 248.0
160 229.0
162 204.0
186 186.0
162 174.0
189 156.0
184 144.0
210 160.0
248 191.0
249 160.0
249 237.0
275 205.0
288 204.0
354 164.0
914-4-9.bmp
58 203.0
63 189.0
82 186.0
125 165.0
143 149.0
149 240.0
158 222.0
160 200.0
179 182.0
162 171.0
184 154.0
180 143.0
206 158.0
244 191.0
249 161.0
241 236.0
267 205.0
281 204.0
348 170.0
914-5-9.bmp
109 318.0
117 283.0
151 274.0
223 221.0
253 186.0
295 363.0
305 325.0
305 280.0
343 240.0
306 220.0
342 182.0
331 162.0
380 185.0
460 236.0
458 178.0
468 322.0
511 258.0
537 252.0
654 164.0
915-1-9.bmp
58 222.0
60 205.0
78 201.0
120 175.0
139 155.0
158 252.0
164 232.0
163 207.0
187 189.0
165 176.0
187 157.0
182 145.0
207 160.0
247 189.0
249 160.0
252 236.0
277 202.0
289 200.0
351 158.0
915-2-9.bmp
57 193.0
60 182.0
76 181.0
119 161.0
140 147.0
141 236.0
148 219.0
155 196.0
178 183.0
161 168.0
184 154.0
181 142.0
207 161.0
238 194.0
245 167.0
232 237.0
263 211.0
275 212.0
344 182.0
915-3-9.bmp
54 276.0
53 260.0
72 252.0
107 218.0
118 197.0
155 282.0
155 262.0
151 240.0
166 217.0
147 211.0
165 188.0
157 178.0
186 186.0
231 206.0
224 176.0
242 250.0
260 212.0
271 207.0
322 149.0
915-4-9.bmp
60 208.0
66 191.0
83 190.0
125 167.0
144 150.0
155 245.0
162 225.0
165 203.0
187 185.0
167 172.0
191 156.0
187 144.0
209 160.0
251 192.0
249 162.0
250 238.0
277 206.0
289 205.0
358 171.0
915-5-9.bmp
55 265.0
54 248.0
71 241.0
107 208.0
120 187.0
152 274.0
157 256.0
154 232.0
170 210.0
149 201.0
167 178.0
160 170.0
189 178.0
236 200.0
227 170.0
245 245.0
265 207.0
276 204.0
326 148.0
917-1-9.bmp
58 214.0
63 200.0
82 196.0
122 171.0
138 153.0
149 245.0
156 228.0
161 205.0
184 186.0
166 174.0
187 157.0
183 144.0
211 160.0
252 193.0
248 161.0
245 238.0
275 207.0
285 205.0
350 164.0
917-2-9.bmp
57 210.0
59 193.0
81 190.0
120 170.0
140 151.0
150 241.0
156 224.0
159 202.0
180 184.0
165 172.0
186 155.0
180 143.0
207 159.0
244 190.0
244 160.0
241 234.0
268 204.0
281 203.0
346 165.0
917-3-9.bmp
57 265.0
56 247.0
72 240.0
112 206.0
124 186.0
158 274.0
160 254.0
158 231.0
176 208.0
154 200.0
170 178.0
165 168.0
192 177.0
239 200.0
231 170.0
249 247.0
269 209.0
282 204.0
335 148.0
917-4-9.bmp
57 211.0
60 196.0
80 193.0
121 169.0
140 152.0
148 242.0
155 225.0
158 202.0
182 185.0
162 172.0
184 156.0
180 143.0
207 159.0
245 190.0
246 161.0
237 235.0
267 204.0
281 203.0
345 166.0
917-5-9.bmp
56 236.0
59 221.0
77 215.0
119 185.0
133 166.0
156 255.0
160 236.0
160 213.0
180 192.0
161 183.0
180 163.0
173 152.0
204 164.0
243 188.0
239 160.0
245 234.0
271 198.0
282 194.0
340 146.0
919-1-9.bmp
56 205.0
60 189.0
78 187.0
120 167.0
137 149.0
143 244.0
151 225.0
154 203.0
176 186.0
159 173.0
183 157.0
178 144.0
205 164.0
238 198.0
240 168.0
229 241.0
264 214.0
275 213.0
342 179.0
919-2-9.bmp
60 193.0
66 178.0
85 177.0
132 161.0
151 146.0
148 241.0
157 223.0
163 200.0
187 185.0
173 171.0
198 158.0
195 144.0
217 166.0
252 202.0
256 174.0
240 247.0
278 221.0
289 221.0
358 195.0
919-3-9.bmp
57 202.0
64 187.0
82 186.0
126 167.0
145 149.0
150 242.0
158 225.0
162 202.0
184 185.0
170 174.0
192 158.0
188 143.0
212 164.0
244 196.0
247 168.0
238 240.0
269 212.0
280 211.0
346 175.0
919-4-9.bmp
59 194.0
66 178.0
82 178.0
129 160.0
149 145.0
147 239.0
157 222.0
162 200.0
187 184.0
169 170.0
194 155.0
192 143.0
215 162.0
245 196.0
249 168.0
240 241.0
271 215.0
283 215.0
354 189.0
919-5-9.bmp
55 245.0
56 229.0
76 223.0
115 193.0
127 174.0
158 260.0
161 241.0
158 218.0
177 198.0
156 189.0
175 169.0
166 157.0
194 169.0
241 192.0
232 164.0
246 236.0
267 199.0
278 196.0
333 146.0
920-1-9.bmp
57 216.0
60 202.0
78 198.0
121 173.0
138 153.0
159 246.0
163 228.0
163 204.0
184 185.0
165 173.0
186 156.0
179 144.0
206 159.0
248 187.0
248 158.0
249 234.0
275 199.0
287 196.0
345 153.0
920-2-9.bmp
56 182.0
63 168.0
80 169.0
126 156.0
145 144.0
140 232.0
147 217.0
155 195.0
181 182.0
167 168.0
189 157.0
187 145.0
208 164.0
238 201.0
243 173.0
227 244.0
262 221.0
272 222.0
340 199.0
920-3-9.bmp
56 223.0
56 208.0
75 204.0
114 177.0
127 157.0
151 244.0
156 227.0
155 204.0
174 183.0
158 176.0
178 157.0
170 144.0
200 157.0
239 184.0
235 154.0
240 227.0
264 193.0
275 190.0
337 146.0
920-4-9.bmp
60 200.0
65 184.0
86 183.0
133 165.0
154 149.0
156 243.0
162 227.0
170 203.0
194 187.0
174 172.0
200 157.0
198 144.0
222 164.0
260 199.0
263 169.0
252 245.0
282 214.0
296 214.0
365 182.0
920-5-9.bmp
53 278.0
54 263.0
71 254.0
109 219.0
121 198.0
155 284.0
157 265.0
153 242.0
169 218.0
151 211.0
166 189.0
158 179.0
189 187.0
232 206.0
224 179.0
241 251.0
260 212.0
271 207.0
322 149.0
924-1-9.bmp
56 218.0
57 202.0
75 197.0
115 172.0
129 154.0
146 247.0
151 227.0
151 204.0
172 185.0
154 174.0
176 156.0
169 144.0
198 158.0
236 189.0
232 159.0
232 232.0
264 202.0
273 200.0
336 158.0
924-2-9.bmp
59 205.0
64 189.0
80 187.0
126 166.0
145 149.0
151 243.0
158 224.0
162 201.0
184 183.0
168 171.0
191 155.0
188 143.0
213 160.0
250 193.0
252 165.0
242 239.0
277 210.0
289 208.0
355 174.0
924-3-9.bmp
59 195.0
64 180.0
82 179.0
126 161.0
146 146.0
149 240.0
158 223.0
162 198.0
184 182.0
169 169.0
195 156.0
191 143.0
214 162.0
249 197.0
251 168.0
241 243.0
275 215.0
286 214.0
355 183.0
924-4-9.bmp
57 207.0
63 190.0
82 189.0
125 167.0
142 150.0
151 243.0
158 225.0
162 203.0
183 185.0
169 173.0
190 157.0
185 143.0
210 161.0
243 193.0
246 164.0
240 237.0
269 207.0
280 206.0
344 167.0
924-5-9.bmp
59 218.0
62 203.0
80 198.0
122 173.0
137 155.0
154 247.0
162 228.0
165 204.0
184 185.0
169 175.0
186 156.0
179 144.0
210 159.0
252 186.0
250 157.0
252 234.0
278 201.0
291 198.0
356 156.0
925-1-9.bmp
60 191.0
64 175.0
82 174.0
127 159.0
147 146.0
146 240.0
156 223.0
165 200.0
189 186.0
175 171.0
195 157.0
191 144.0
215 164.0
249 201.0
254 172.0
241 246.0
275 222.0
287 222.0
361 194.0
925-2-9.bmp
56 258.0
55 241.0
72 235.0
108 203.0
121 182.0
154 268.0
157 250.0
155 226.0
169 204.0
151 198.0
167 176.0
158 166.0
187 175.0
231 195.0
223 168.0
243 240.0
261 204.0
271 200.0
329 147.0
925-3-9.bmp
57 212.0
59 197.0
80 193.0
117 170.0
132 153.0
151 242.0
155 225.0
158 203.0
178 183.0
162 172.0
181 155.0
175 143.0
202 158.0
245 187.0
240 158.0
242 231.0
268 200.0
282 199.0
345 157.0
925-4-9.bmp
58 214.0
59 198.0
76 196.0
118 171.0
136 153.0
155 247.0
160 230.0
162 204.0
181 186.0
167 175.0
188 157.0
182 144.0
209 160.0
247 190.0
249 161.0
248 237.0
274 205.0
287 204.0
350 163.0
925-5-9.bmp
