247.0 387.0
250.0 366.0
273.0 358.0
322.0 324.0
342.0 299.0
369.0 412.0
377.0 387.0
379.0 358.0
400.0 331.0
378.0 320.0
400.0 294.0
394.0 281.0
428.0 296.0
486.0 325.0
492.0 288.0
490.0 382.0
523.0 338.0
540.0 337.0
617.0 274.0
1180-1-11.bmp
328.0 312.0
330.0 291.0
349.0 281.0
402.0 234.0
418.0 207.0
464.0 317.0
465.0 292.0
461.0 263.0
479.0 233.0
453.0 225.0
471.0 196.0
463.0 183.0
495.0 193.0
562.0 214.0
558.0 176.0
574.0 269.0
598.0 222.0
615.0 216.0
685.0 141.0
1180-2-11.bmp
305.0 302.0
308.0 284.0
332.0 278.0
387.0 246.0
412.0 220.0
423.0 337.0
433.0 314.0
439.0 286.0
458.0 259.0
446.0 250.0
470.0 224.0
461.0 208.0
494.0 227.0
544.0 260.0
554.0 228.0
545.0 319.0
579.0 278.0
596.0 275.0
681.0 224.0
1180-3-11.bmp
275.0 219.0
281.0 199.0
303.0 193.0
358.0 160.0
380.0 137.0
392.0 256.0
403.0 234.0
407.0 204.0
428.0 179.0
408.0 166.0
435.0 142.0
430.0 127.0
458.0 146.0
513.0 186.0
517.0 148.0
512.0 242.0
545.0 201.0
560.0 199.0
646.0 150.0
1180-4-11.bmp
294.0 261.0
299.0 240.0
323.0 235.0
384.0 204.0
407.0 182.0
419.0 301.0
430.0 278.0
437.0 250.0
459.0 224.0
441.0 211.0
467.0 188.0
460.0 172.0
493.0 192.0
555.0 232.0
556.0 194.0
545.0 289.0
583.0 248.0
600.0 245.0
688.0 198.0
1180-5-11.bmp
269.0 360.0
270.0 342.0
296.0 333.0
349.0 297.0
369.0 274.0
396.0 384.0
399.0 361.0
400.0 332.0
422.0 306.0
407.0 296.0
430.0 271.0
418.0 258.0
457.0 272.0
511.0 302.0
515.0 266.0
514.0 356.0
541.0 313.0
558.0 310.0
643.0 252.0
1192-1-11.bmp
288.0 297.0
292.0 278.0
321.0 273.0
377.0 243.0
403.0 220.0
415.0 335.0
422.0 312.0
427.0 283.0
454.0 260.0
432.0 247.0
463.0 222.0
454.0 207.0
486.0 227.0
541.0 264.0
543.0 227.0
533.0 320.0
569.0 279.0
587.0 277.0
675.0 222.0
1192-2-11.bmp
338.0 315.0
340.0 297.0
368.0 291.0
420.0 263.0
446.0 240.0
456.0 352.0
464.0 333.0
468.0 303.0
490.0 280.0
475.0 268.0
502.0 247.0
495.0 230.0
525.0 250.0
581.0 288.0
595.0 252.0
576.0 342.0
612.0 302.0
628.0 301.0
719.0 253.0
1192-3-11.bmp
287.0 281.0
291.0 262.0
314.0 260.0
373.0 230.0
399.0 209.0
406.0 325.0
416.0 303.0
422.0 276.0
446.0 252.0
427.0 238.0
458.0 216.0
450.0 201.0
479.0 221.0
534.0 262.0
545.0 227.0
526.0 320.0
566.0 279.0
579.0 279.0
675.0 234.0
1192-4-11.bmp
283.0 264.0
287.0 245.0
317.0 241.0
373.0 214.0
398.0 191.0
407.0 311.0
418.0 290.0
423.0 260.0
450.0 237.0
431.0 222.0
465.0 201.0
456.0 183.0
490.0 206.0
538.0 247.0
549.0 210.0
533.0 306.0
572.0 266.0
587.0 264.0
679.0 217.0
1192-5-11.bmp
274.0 374.0
277.0 353.0
300.0 348.0
351.0 314.0
379.0 288.0
400.0 402.0
405.0 379.0
409.0 351.0
430.0 325.0
408.0 312.0
435.0 286.0
427.0 273.0
459.0 289.0
522.0 325.0
517.0 286.0
522.0 378.0
553.0 337.0
569.0 333.0
651.0 274.0
1196-1-11.bmp
295.0 333.0
298.0 314.0
322.0 307.0
373.0 275.0
397.0 251.0
418.0 363.0
426.0 339.0
430.0 312.0
451.0 286.0
431.0 275.0
457.0 250.0
445.0 235.0
480.0 252.0
540.0 286.0
543.0 249.0
541.0 343.0
575.0 299.0
591.0 296.0
675.0 241.0
1196-2-11.bmp
291.0 327.0
294.0 306.0
320.0 301.0
376.0 270.0
400.0 244.0
412.0 363.0
420.0 340.0
426.0 311.0
455.0 284.0
429.0 273.0
464.0 248.0
454.0 234.0
484.0 252.0
540.0 292.0
541.0 255.0
536.0 348.0
572.0 308.0
587.0 307.0
672.0 256.0
1196-3-11.bmp
270.0 256.0
272.0 237.0
296.0 232.0
350.0 199.0
373.0 177.0
387.0 291.0
394.0 268.0
398.0 238.0
423.0 216.0
405.0 205.0
433.0 182.0
421.0 166.0
456.0 184.0
510.0 220.0
515.0 183.0
504.0 273.0
536.0 234.0
552.0 231.0
641.0 178.0
1196-5-11.bmp
278.0 268.0
283.0 249.0
304.0 245.0
360.0 218.0
387.0 198.0
389.0 310.0
398.0 292.0
405.0 264.0
427.0 240.0
410.0 226.0
441.0 205.0
434.0 189.0
464.0 211.0
518.0 253.0
518.0 214.0
505.0 307.0
545.0 270.0
560.0 270.0
642.0 222.0
1196-6-11.bmp
267.0 382.0
270.0 361.0
297.0 355.0
353.0 322.0
379.0 296.0
395.0 417.0
401.0 394.0
405.0 364.0
434.0 338.0
409.0 325.0
440.0 300.0
429.0 284.0
467.0 304.0
523.0 340.0
522.0 302.0
518.0 396.0
548.0 352.0
567.0 349.0
657.0 296.0
1198-1-11.bmp
305.0 292.0
310.0 270.0
335.0 266.0
392.0 235.0
419.0 212.0
429.0 330.0
438.0 309.0
442.0 279.0
466.0 252.0
445.0 240.0
476.0 216.0
469.0 200.0
499.0 219.0
560.0 258.0
557.0 221.0
554.0 315.0
589.0 273.0
603.0 271.0
695.0 218.0
1198-2-11.bmp
300.0 277.0
306.0 257.0
330.0 254.0
385.0 226.0
414.0 204.0
418.0 319.0
426.0 297.0
432.0 269.0
456.0 243.0
443.0 232.0
472.0 209.0
466.0 194.0
494.0 214.0
543.0 253.0
554.0 218.0
541.0 310.0
576.0 271.0
594.0 270.0
682.0 223.0
1198-3-11.bmp
286.0 272.0
291.0 253.0
319.0 248.0
376.0 217.0
401.0 194.0
414.0 313.0
420.0 293.0
424.0 263.0
448.0 237.0
432.0 225.0
463.0 201.0
453.0 184.0
484.0 205.0
541.0 247.0
546.0 207.0
529.0 299.0
566.0 261.0
584.0 258.0
672.0 211.0
1198-4-11.bmp
246.0 281.0
250.0 263.0
278.0 260.0
336.0 236.0
358.0 216.0
369.0 328.0
375.0 307.0
382.0 279.0
407.0 258.0
387.0 244.0
422.0 224.0
414.0 207.0
443.0 230.0
494.0 270.0
505.0 236.0
486.0 324.0
522.0 286.0
538.0 288.0
630.0 248.0
1198-5-11.bmp
288.0 381.0
291.0 361.0
312.0 355.0
362.0 319.0
387.0 294.0
409.0 410.0
415.0 387.0
418.0 356.0
441.0 329.0
418.0 318.0
447.0 292.0
437.0 279.0
472.0 294.0
528.0 329.0
532.0 291.0
528.0 388.0
558.0 342.0
573.0 340.0
653.0 277.0
1202-1-11.bmp
310.0 320.0
314.0 300.0
335.0 296.0
390.0 263.0
414.0 239.0
426.0 351.0
433.0 330.0
439.0 304.0
462.0 278.0
448.0 268.0
472.0 242.0
461.0 227.0
494.0 245.0
548.0 280.0
554.0 245.0
545.0 336.0
579.0 294.0
595.0 293.0
679.0 242.0
1202-2-11.bmp
289.0 271.0
293.0 251.0
320.0 245.0
375.0 213.0
397.0 188.0
417.0 304.0
425.0 283.0
427.0 253.0
450.0 224.0
432.0 213.0
457.0 188.0
448.0 172.0
478.0 191.0
540.0 227.0
535.0 189.0
536.0 284.0
572.0 241.0
588.0 238.0
675.0 180.0
1202-3-11.bmp
281.0 304.0
287.0 283.0
310.0 279.0
363.0 245.0
387.0 222.0
404.0 337.0
410.0 316.0
414.0 288.0
435.0 259.0
417.0 249.0
444.0 223.0
436.0 209.0
469.0 226.0
527.0 262.0
525.0 226.0
523.0 317.0
558.0 276.0
573.0 274.0
659.0 224.0
1202-4-11.bmp
291.0 332.0
292.0 311.0
319.0 301.0
368.0 265.0
388.0 240.0
414.0 349.0
417.0 328.0
419.0 301.0
444.0 271.0
422.0 261.0
445.0 236.0
435.0 221.0
464.0 235.0
527.0 266.0
525.0 230.0
525.0 322.0
556.0 276.0
571.0 273.0
654.0 209.0
1202-5-11.bmp
258.0 347.0
261.0 327.0
286.0 323.0
338.0 292.0
363.0 270.0
374.0 385.0
382.0 360.0
388.0 334.0
415.0 310.0
395.0 296.0
421.0 274.0
413.0 257.0
447.0 277.0
502.0 315.0
504.0 278.0
495.0 368.0
529.0 328.0
543.0 327.0
630.0 273.0
1205-1-11.bmp
245.0 279.0
252.0 259.0
278.0 255.0
335.0 227.0
358.0 206.0
359.0 319.0
369.0 299.0
376.0 271.0
403.0 248.0
387.0 235.0
414.0 213.0
408.0 198.0
439.0 219.0
489.0 259.0
491.0 222.0
479.0 312.0
515.0 274.0
530.0 274.0
614.0 228.0
1205-2-11.bmp
267.0 258.0
274.0 238.0
302.0 235.0
360.0 207.0
385.0 187.0
387.0 305.0
400.0 283.0
405.0 255.0
433.0 232.0
414.0 219.0
443.0 196.0
436.0 178.0
466.0 201.0
522.0 244.0
522.0 205.0
509.0 299.0
546.0 261.0
564.0 260.0
651.0 211.0
1205-3-11.bmp
253.0 232.0
258.0 212.0
283.0 209.0
341.0 180.0
365.0 158.0
366.0 273.0
379.0 252.0
384.0 224.0
410.0 200.0
391.0 188.0
420.0 165.0
413.0 150.0
445.0 170.0
501.0 213.0
501.0 172.0
487.0 265.0
524.0 227.0
543.0 227.0
630.0 178.0
1205-4-11.bmp
279.0 243.0
285.0 222.0
314.0 217.0
369.0 189.0
392.0 168.0
400.0 283.0
410.0 261.0
414.0 234.0
443.0 209.0
423.0 196.0
450.0 174.0
441.0 158.0
472.0 178.0
528.0 220.0
528.0 183.0
520.0 274.0
554.0 235.0
571.0 234.0
659.0 184.0
1205-5-11.bmp
280.0 394.0
283.0 373.0
307.0 367.0
364.0 333.0
385.0 310.0
402.0 426.0
409.0 405.0
414.0 375.0
437.0 348.0
419.0 337.0
448.0 310.0
441.0 296.0
472.0 314.0
529.0 352.0
530.0 314.0
525.0 409.0
558.0 365.0
575.0 363.0
660.0 307.0
1217-1-11.bmp
281.0 301.0
284.0 281.0
311.0 278.0
368.0 250.0
393.0 229.0
397.0 343.0
407.0 324.0
412.0 294.0
441.0 271.0
422.0 257.0
453.0 235.0
445.0 219.0
476.0 240.0
527.0 281.0
535.0 245.0
519.0 338.0
556.0 298.0
572.0 298.0
659.0 250.0
1217-2-11.bmp
260.0 346.0
261.0 325.0
286.0 320.0
340.0 283.0
361.0 258.0
386.0 374.0
392.0 353.0
394.0 322.0
418.0 295.0
397.0 284.0
423.0 255.0
415.0 240.0
447.0 258.0
508.0 294.0
508.0 256.0
505.0 353.0
538.0 306.0
556.0 304.0
636.0 242.0
1217-3-11.bmp
264.0 287.0
270.0 266.0
292.0 262.0
349.0 234.0
373.0 214.0
381.0 328.0
390.0 306.0
396.0 279.0
420.0 253.0
402.0 241.0
431.0 219.0
425.0 204.0
453.0 224.0
511.0 265.0
517.0 227.0
500.0 319.0
536.0 280.0
553.0 279.0
642.0 232.0
1217-4-11.bmp
252.0 291.0
256.0 269.0
284.0 265.0
341.0 235.0
364.0 214.0
368.0 333.0
381.0 310.0
387.0 280.0
412.0 256.0
397.0 245.0
422.0 220.0
417.0 204.0
446.0 227.0
502.0 267.0
507.0 230.0
494.0 324.0
533.0 284.0
550.0 283.0
636.0 235.0
1217-5-11.bmp
284.0 384.0
289.0 364.0
314.0 356.0
360.0 322.0
386.0 294.0
405.0 407.0
413.0 386.0
414.0 358.0
434.0 329.0
415.0 319.0
444.0 292.0
435.0 278.0
464.0 294.0
522.0 327.0
525.0 289.0
522.0 385.0
554.0 339.0
569.0 336.0
651.0 274.0
1221-1-11.bmp
282.0 301.0
283.0 280.0
310.0 270.0
361.0 232.0
382.0 207.0
407.0 325.0
412.0 301.0
414.0 271.0
435.0 242.0
417.0 233.0
441.0 205.0
432.0 191.0
469.0 206.0
525.0 239.0
526.0 201.0
525.0 297.0
556.0 251.0
572.0 248.0
653.0 183.0
1221-2-11.bmp
261.0 323.0
265.0 303.0
296.0 296.0
346.0 263.0
369.0 240.0
384.0 357.0
392.0 334.0
395.0 305.0
417.0 279.0
402.0 268.0
429.0 243.0
420.0 228.0
452.0 246.0
509.0 283.0
509.0 245.0
504.0 340.0
538.0 299.0
556.0 296.0
641.0 241.0
1221-3-11.bmp
281.0 307.0
289.0 288.0
314.0 285.0
366.0 256.0
391.0 234.0
396.0 351.0
407.0 329.0
413.0 301.0
440.0 278.0
423.0 265.0
451.0 242.0
444.0 225.0
473.0 247.0
524.0 289.0
534.0 253.0
518.0 345.0
558.0 309.0
575.0 309.0
660.0 261.0
1221-4-11.bmp
271.0 308.0
271.0 288.0
294.0 283.0
350.0 253.0
376.0 230.0
390.0 346.0
399.0 325.0
404.0 296.0
431.0 271.0
410.0 257.0
433.0 233.0
428.0 219.0
461.0 237.0
517.0 276.0
520.0 238.0
517.0 332.0
548.0 292.0
563.0 289.0
648.0 233.0
1221-5-11.bmp
279.0 360.0
279.0 339.0
302.0 325.0
342.0 283.0
360.0 253.0
402.0 363.0
406.0 338.0
401.0 309.0
415.0 278.0
397.0 271.0
415.0 242.0
404.0 229.0
445.0 238.0
504.0 260.0
502.0 224.0
511.0 315.0
533.0 265.0
546.0 260.0
612.0 186.0
1222-1-11.bmp
256.0 353.0
256.0 331.0
285.0 321.0
337.0 285.0
359.0 260.0
381.0 377.0
387.0 352.0
391.0 323.0
414.0 292.0
401.0 284.0
424.0 259.0
410.0 242.0
453.0 261.0
505.0 292.0
517.0 256.0
501.0 352.0
536.0 305.0
553.0 303.0
638.0 247.0
1222-2-11.bmp
292.0 328.0
294.0 307.0
319.0 299.0
373.0 259.0
394.0 233.0
413.0 351.0
421.0 326.0
423.0 296.0
446.0 268.0
425.0 258.0
453.0 228.0
441.0 215.0
476.0 230.0
535.0 263.0
536.0 224.0
534.0 319.0
564.0 273.0
579.0 268.0
660.0 203.0
1222-3-11.bmp
269.0 301.0
270.0 279.0
299.0 269.0
349.0 232.0
372.0 204.0
396.0 322.0
402.0 297.0
404.0 266.0
432.0 238.0
408.0 227.0
430.0 201.0
420.0 186.0
456.0 201.0
516.0 233.0
517.0 195.0
519.0 294.0
550.0 243.0
565.0 240.0
648.0 178.0
1222-4-11.bmp
264.0 348.0
265.0 327.0
292.0 317.0
342.0 278.0
361.0 252.0
387.0 367.0
394.0 343.0
395.0 315.0
414.0 284.0
400.0 278.0
423.0 247.0
412.0 232.0
446.0 247.0
504.0 279.0
506.0 239.0
505.0 336.0
535.0 288.0
549.0 283.0
629.0 220.0
1222-5-11.bmp
272.0 366.0
271.0 343.0
297.0 333.0
346.0 293.0
363.0 268.0
401.0 382.0
405.0 358.0
404.0 328.0
421.0 297.0
399.0 289.0
424.0 261.0
412.0 247.0
449.0 261.0
509.0 288.0
510.0 252.0
515.0 348.0
546.0 298.0
561.0 294.0
638.0 226.0
1223-1-11.bmp
289.0 358.0
291.0 338.0
315.0 331.0
370.0 294.0
392.0 269.0
412.0 384.0
418.0 360.0
421.0 331.0
445.0 304.0
422.0 294.0
453.0 266.0
443.0 251.0
476.0 267.0
536.0 301.0
533.0 263.0
536.0 357.0
564.0 313.0
582.0 309.0
662.0 250.0
1223-2-11.bmp
301.0 274.0
301.0 252.0
325.0 243.0
376.0 201.0
395.0 173.0
433.0 290.0
435.0 266.0
433.0 235.0
454.0 205.0
430.0 195.0
458.0 165.0
448.0 152.0
484.0 165.0
546.0 194.0
543.0 155.0
550.0 251.0
577.0 203.0
594.0 198.0
667.0 130.0
1223-3-11.bmp
250.0 286.0
257.0 266.0
279.0 261.0
336.0 233.0
365.0 209.0
371.0 329.0
379.0 308.0
388.0 279.0
414.0 253.0
394.0 239.0
426.0 217.0
418.0 199.0
450.0 222.0
506.0 263.0
505.0 225.0
499.0 318.0
536.0 279.0
553.0 279.0
638.0 227.0
1223-4-11.bmp
256.0 297.0
262.0 277.0
284.0 274.0
345.0 245.0
371.0 224.0
375.0 343.0
386.0 322.0
391.0 292.0
412.0 265.0
397.0 253.0
428.0 231.0
423.0 215.0
454.0 237.0
510.0 281.0
519.0 242.0
492.0 338.0
537.0 297.0
549.0 297.0
643.0 250.0
1223-5-11.bmp
258.0 370.0
262.0 351.0
287.0 343.0
345.0 307.0
369.0 281.0
384.0 402.0
389.0 378.0
397.0 348.0
423.0 321.0
399.0 309.0
424.0 283.0
417.0 268.0
448.0 284.0
509.0 320.0
503.0 283.0
505.0 375.0
538.0 332.0
553.0 329.0
634.0 270.0
1226-1-11.bmp
319.0 301.0
319.0 278.0
345.0 271.0
394.0 237.0
415.0 210.0
434.0 326.0
440.0 304.0
446.0 274.0
472.0 246.0
446.0 234.0
472.0 209.0
464.0 194.0
493.0 209.0
553.0 245.0
550.0 205.0
554.0 299.0
585.0 256.0
601.0 253.0
674.0 188.0
1226-2-11.bmp
297.0 315.0
301.0 294.0
327.0 288.0
376.0 255.0
394.0 230.0
409.0 345.0
419.0 322.0
425.0 294.0
454.0 266.0
425.0 255.0
454.0 231.0
446.0 216.0
476.0 233.0
533.0 269.0
531.0 230.0
531.0 321.0
561.0 282.0
577.0 279.0
653.0 219.0
1226-3-11.bmp
296.0 273.0
299.0 253.0
325.0 246.0
378.0 217.0
400.0 193.0
405.0 309.0
417.0 287.0
426.0 260.0
453.0 235.0
432.0 220.0
454.0 196.0
446.0 181.0
480.0 200.0
536.0 238.0
535.0 200.0
529.0 294.0
564.0 253.0
580.0 252.0
662.0 201.0
1226-4-11.bmp
307.0 284.0
310.0 264.0
337.0 258.0
385.0 226.0
408.0 199.0
422.0 317.0
430.0 292.0
436.0 265.0
464.0 239.0
436.0 225.0
464.0 201.0
456.0 185.0
488.0 204.0
549.0 238.0
543.0 200.0
543.0 294.0
577.0 253.0
595.0 250.0
668.0 187.0
1226-5-11.bmp
341.0 325.0
344.0 305.0
373.0 296.0
423.0 264.0
448.0 238.0
466.0 350.0
471.0 328.0
474.0 299.0
500.0 272.0
482.0 263.0
505.0 235.0
496.0 219.0
532.0 237.0
590.0 270.0
587.0 231.0
587.0 324.0
613.0 279.0
631.0 276.0
718.0 216.0
1231-1-11.bmp
288.0 271.0
294.0 252.0
320.0 249.0
379.0 223.0
402.0 202.0
402.0 317.0
414.0 296.0
421.0 268.0
452.0 247.0
433.0 232.0
463.0 212.0
458.0 195.0
489.0 220.0
535.0 260.0
545.0 225.0
524.0 315.0
560.0 277.0
578.0 277.0
672.0 239.0
1231-2-11.bmp
287.0 329.0
288.0 307.0
315.0 300.0
369.0 269.0
391.0 247.0
397.0 364.0
409.0 340.0
415.0 313.0
442.0 288.0
425.0 275.0
453.0 252.0
444.0 236.0
478.0 257.0
527.0 294.0
533.0 258.0
517.0 350.0
554.0 310.0
570.0 310.0
661.0 263.0
1231-3-11.bmp
285.0 305.0
285.0 284.0
309.0 277.0
361.0 237.0
381.0 212.0
402.0 325.0
410.0 303.0
412.0 274.0
439.0 245.0
416.0 235.0
441.0 209.0
429.0 195.0
467.0 211.0
521.0 242.0
522.0 206.0
521.0 295.0
552.0 252.0
566.0 250.0
646.0 190.0
1231-4-11.bmp
274.0 338.0
277.0 319.0
305.0 310.0
354.0 277.0
378.0 253.0
397.0 369.0
404.0 345.0
406.0 316.0
434.0 291.0
414.0 279.0
440.0 253.0
428.0 238.0
464.0 256.0
517.0 291.0
518.0 255.0
514.0 347.0
546.0 304.0
563.0 302.0
651.0 247.0
1231-5-11.bmp
298.0 290.0
298.0 269.0
321.0 261.0
370.0 221.0
389.0 197.0
415.0 319.0
422.0 294.0
423.0 262.0
451.0 234.0
424.0 222.0
448.0 195.0
440.0 180.0
476.0 197.0
534.0 232.0
523.0 195.0
533.0 294.0
564.0 247.0
580.0 244.0
655.0 181.0
120-1-9.jpg
242.0 281.0
246.0 262.0
270.0 256.0
326.0 222.0
343.0 202.0
364.0 320.0
373.0 295.0
377.0 266.0
405.0 242.0
383.0 227.0
408.0 204.0
402.0 190.0
438.0 208.0
492.0 247.0
484.0 207.0
488.0 303.0
523.0 263.0
540.0 262.0
622.0 206.0
120-2-9.jpg
302.0 306.0
309.0 279.0
333.0 275.0
390.0 243.0
408.0 225.0
426.0 346.0
435.0 321.0
439.0 292.0
466.0 267.0
444.0 251.0
474.0 230.0
468.0 215.0
502.0 235.0
556.0 276.0
547.0 235.0
551.0 333.0
587.0 294.0
603.0 292.0
686.0 240.0
120-3-9.jpg
290.0 343.0
292.0 322.0
316.0 316.0
364.0 280.0
379.0 260.0
413.0 374.0
420.0 351.0
419.0 318.0
446.0 294.0
422.0 281.0
445.0 255.0
438.0 243.0
477.0 258.0
527.0 292.0
523.0 255.0
532.0 351.0
565.0 308.0
579.0 304.0
651.0 242.0
120-4-9.jpg
290.0 338.0
292.0 316.0
316.0 307.0
366.0 267.0
382.0 246.0
418.0 362.0
423.0 335.0
422.0 306.0
445.0 279.0
422.0 266.0
444.0 239.0
438.0 226.0
472.0 240.0
528.0 272.0
526.0 234.0
536.0 331.0
567.0 285.0
581.0 281.0
651.0 217.0
120-5-9.jpg
311.0 324.0
313.0 302.0
339.0 294.0
388.0 256.0
407.0 232.0
440.0 348.0
447.0 322.0
444.0 292.0
468.0 266.0
443.0 255.0
467.0 227.0
459.0 213.0
493.0 226.0
546.0 259.0
541.0 221.0
557.0 320.0
588.0 271.0
602.0 266.0
676.0 204.0
121-1-9.jpg
286.0 388.0
283.0 366.0
305.0 353.0
344.0 301.0
356.0 273.0
418.0 379.0
417.0 353.0
408.0 324.0
425.0 292.0
395.0 286.0
414.0 255.0
402.0 244.0
438.0 249.0
503.0 266.0
483.0 230.0
523.0 322.0
541.0 268.0
552.0 262.0
610.0 182.0
121-2-9.jpg
290.0 340.0
294.0 319.0
322.0 314.0
378.0 283.0
397.0 264.0
419.0 381.0
429.0 355.0
431.0 325.0
457.0 302.0
431.0 287.0
461.0 264.0
455.0 248.0
488.0 265.0
540.0 304.0
535.0 265.0
537.0 364.0
572.0 320.0
588.0 317.0
668.0 263.0
121-3-9.jpg
273.0 308.0
276.0 288.0
304.0 278.0
353.0 240.0
369.0 217.0
409.0 329.0
414.0 305.0
411.0 275.0
434.0 248.0
409.0 238.0
434.0 208.0
426.0 196.0
460.0 208.0
517.0 241.0
506.0 203.0
523.0 300.0
552.0 252.0
565.0 248.0
639.0 184.0
121-4-9.jpg
294.0 377.0
295.0 354.0
315.0 346.0
364.0 298.0
378.0 270.0
426.0 385.0
427.0 360.0
423.0 328.0
441.0 295.0
418.0 287.0
440.0 255.0
430.0 242.0
469.0 251.0
526.0 278.0
514.0 240.0
539.0 336.0
567.0 286.0
578.0 281.0
645.0 205.0
121-5-9.jpg
294.0 327.0
291.0 305.0
313.0 295.0
364.0 251.0
378.0 225.0
428.0 338.0
433.0 312.0
429.0 282.0
447.0 252.0
423.0 242.0
443.0 213.0
434.0 199.0
477.0 212.0
536.0 237.0
524.0 203.0
552.0 296.0
575.0 246.0
588.0 241.0
655.0 169.0
204-1-6.jpg
295.0 277.0
297.0 255.0
326.0 247.0
376.0 214.0
395.0 187.0
430.0 306.0
435.0 280.0
435.0 250.0
459.0 222.0
436.0 211.0
460.0 182.0
451.0 169.0
488.0 185.0
546.0 219.0
545.0 182.0
552.0 277.0
586.0 235.0
600.0 230.0
675.0 168.0
204-2-6.jpg
304.0 335.0
305.0 312.0
331.0 305.0
384.0 265.0
402.0 242.0
436.0 362.0
444.0 334.0
444.0 302.0
468.0 274.0
444.0 263.0
465.0 237.0
455.0 224.0
493.0 238.0
558.0 272.0
539.0 233.0
561.0 330.0
593.0 287.0
607.0 283.0
683.0 217.0
204-3-6.jpg
290.0 263.0
287.0 239.0
312.0 231.0
365.0 193.0
382.0 169.0
421.0 285.0
426.0 260.0
423.0 228.0
449.0 200.0
425.0 189.0
445.0 161.0
438.0 148.0
474.0 163.0
534.0 197.0
523.0 157.0
541.0 254.0
571.0 209.0
587.0 206.0
656.0 138.0
204-4-6.jpg
278.0 300.0
276.0 277.0
305.0 268.0
354.0 226.0
367.0 200.0
413.0 314.0
418.0 289.0
414.0 258.0
431.0 228.0
410.0 219.0
432.0 188.0
423.0 176.0
461.0 186.0
521.0 215.0
515.0 178.0
531.0 274.0
558.0 226.0
575.0 219.0
646.0 150.0
204-5-6.jpg
311.0 339.0
316.0 316.0
343.0 312.0
396.0 282.0
416.0 261.0
435.0 383.0
442.0 357.0
446.0 326.0
478.0 304.0
454.0 287.0
482.0 265.0
474.0 248.0
513.0 270.0
562.0 313.0
555.0 272.0
558.0 373.0
600.0 332.0
613.0 330.0
694.0 277.0
216-1-6.jpg
289.0 333.0
291.0 312.0
317.0 306.0
368.0 270.0
388.0 246.0
416.0 371.0
423.0 344.0
426.0 313.0
449.0 285.0
427.0 272.0
452.0 246.0
445.0 231.0
479.0 248.0
536.0 287.0
535.0 247.0
542.0 351.0
579.0 305.0
592.0 302.0
672.0 243.0
216-2-6.jpg
279.0 332.0
281.0 310.0
311.0 304.0
358.0 272.0
375.0 248.0
408.0 366.0
413.0 340.0
413.0 310.0
441.0 285.0
414.0 270.0
440.0 247.0
431.0 231.0
471.0 248.0
523.0 285.0
517.0 247.0
527.0 344.0
561.0 299.0
574.0 297.0
654.0 235.0
216-3-6.jpg
309.0 346.0
312.0 325.0
337.0 317.0
388.0 278.0
406.0 254.0
440.0 374.0
445.0 346.0
445.0 316.0
469.0 287.0
444.0 275.0
468.0 248.0
460.0 233.0
496.0 249.0
557.0 283.0
549.0 243.0
564.0 343.0
598.0 296.0
611.0 292.0
686.0 227.0
216-4-6.jpg
302.0 339.0
304.0 317.0
332.0 309.0
382.0 273.0
400.0 248.0
431.0 373.0
436.0 343.0
439.0 314.0
466.0 286.0
444.0 272.0
466.0 245.0
455.0 230.0
496.0 247.0
549.0 282.0
548.0 244.0
559.0 346.0
591.0 299.0
606.0 295.0
684.0 232.0
216-5-6.jpg
289.0 339.0
288.0 318.0
312.0 311.0
357.0 274.0
377.0 246.0
412.0 362.0
414.0 336.0
416.0 308.0
439.0 280.0
414.0 269.0
436.0 240.0
431.0 226.0
463.0 239.0
521.0 272.0
520.0 234.0
528.0 328.0
561.0 284.0
574.0 279.0
648.0 214.0
220-1-6.jpg
307.0 364.0
305.0 343.0
328.0 332.0
370.0 291.0
386.0 263.0
433.0 373.0
434.0 348.0
431.0 319.0
451.0 289.0
427.0 281.0
445.0 250.0
439.0 237.0
470.0 248.0
534.0 274.0
527.0 235.0
548.0 329.0
575.0 282.0
585.0 277.0
651.0 204.0
220-2-6.jpg
299.0 315.0
301.0 295.0
328.0 287.0
376.0 252.0
394.0 230.0
429.0 345.0
433.0 321.0
435.0 291.0
457.0 265.0
435.0 252.0
457.0 227.0
453.0 213.0
487.0 230.0
541.0 265.0
539.0 228.0
548.0 322.0
580.0 280.0
592.0 277.0
666.0 216.0
220-3-6.jpg
272.0 329.0
276.0 309.0
303.0 301.0
352.0 267.0
370.0 244.0
403.0 359.0
409.0 334.0
410.0 305.0
435.0 278.0
409.0 266.0
432.0 241.0
425.0 227.0
463.0 244.0
514.0 278.0
510.0 242.0
522.0 335.0
552.0 294.0
564.0 290.0
639.0 231.0
220-4-6.jpg
294.0 355.0
295.0 335.0
322.0 328.0
372.0 294.0
392.0 270.0
418.0 383.0
425.0 361.0
427.0 331.0
454.0 305.0
430.0 293.0
452.0 268.0
446.0 254.0
479.0 270.0
539.0 305.0
531.0 266.0
544.0 360.0
577.0 320.0
591.0 317.0
666.0 255.0
220-5-6.jpg
302.0 341.0
307.0 321.0
336.0 318.0
395.0 289.0
417.0 270.0
426.0 391.0
436.0 366.0
442.0 338.0
472.0 314.0
449.0 298.0
476.0 276.0
471.0 262.0
505.0 283.0
553.0 323.0
550.0 286.0
552.0 383.0
589.0 343.0
605.0 341.0
689.0 289.0
225-1-6.jpg
249.0 224.0
257.0 203.0
285.0 202.0
342.0 177.0
368.0 159.0
373.0 278.0
385.0 256.0
391.0 226.0
423.0 206.0
403.0 187.0
429.0 166.0
426.0 151.0
458.0 174.0
504.0 216.0
503.0 177.0
498.0 276.0
537.0 238.0
552.0 235.0
641.0 188.0
225-2-6.jpg
268.0 317.0
274.0 296.0
302.0 289.0
357.0 256.0
378.0 233.0
399.0 355.0
409.0 330.0
410.0 300.0
443.0 274.0
417.0 258.0
439.0 232.0
432.0 217.0
469.0 237.0
521.0 271.0
514.0 235.0
522.0 332.0
557.0 287.0
574.0 284.0
656.0 223.0
225-3-6.jpg
263.0 257.0
269.0 237.0
296.0 233.0
353.0 203.0
377.0 182.0
392.0 302.0
401.0 278.0
405.0 250.0
434.0 226.0
416.0 209.0
437.0 186.0
432.0 171.0
466.0 192.0
517.0 230.0
513.0 194.0
516.0 291.0
553.0 251.0
569.0 248.0
653.0 196.0
225-4-6.jpg
259.0 259.0
265.0 239.0
291.0 235.0
345.0 210.0
366.0 189.0
377.0 306.0
386.0 281.0
391.0 254.0
422.0 233.0
401.0 217.0
430.0 195.0
425.0 178.0
454.0 200.0
499.0 242.0
501.0 203.0
499.0 299.0
537.0 261.0
553.0 259.0
642.0 208.0
225-6-6.jpg
291.0 352.0
290.0 329.0
317.0 320.0
365.0 283.0
383.0 258.0
417.0 373.0
422.0 347.0
420.0 318.0
440.0 289.0
419.0 279.0
443.0 253.0
431.0 238.0
470.0 253.0
526.0 282.0
518.0 246.0
537.0 340.0
566.0 296.0
581.0 290.0
650.0 221.0
227-1-6.jpg
313.0 270.0
308.0 249.0
334.0 235.0
377.0 189.0
388.0 163.0
441.0 270.0
443.0 245.0
437.0 216.0
453.0 184.0
434.0 177.0
449.0 146.0
435.0 134.0
475.0 142.0
537.0 163.0
521.0 128.0
553.0 220.0
577.0 169.0
589.0 162.0
645.0 83.0
227-2-6.jpg
308.0 317.0
312.0 296.0
331.0 291.0
388.0 253.0
406.0 229.0
436.0 348.0
442.0 322.0
442.0 294.0
471.0 268.0
444.0 253.0
467.0 226.0
459.0 212.0
496.0 230.0
553.0 265.0
537.0 227.0
555.0 324.0
587.0 277.0
600.0 272.0
681.0 211.0
227-3-6.jpg
291.0 270.0
300.0 248.0
324.0 246.0
380.0 218.0
406.0 197.0
415.0 321.0
423.0 295.0
429.0 269.0
461.0 244.0
437.0 226.0
466.0 204.0
461.0 189.0
491.0 212.0
540.0 255.0
533.0 216.0
538.0 315.0
574.0 274.0
587.0 273.0
677.0 224.0
227-4-6.jpg
303.0 402.0
303.0 380.0
330.0 368.0
374.0 325.0
390.0 298.0
434.0 408.0
437.0 382.0
435.0 354.0
454.0 321.0
432.0 314.0
451.0 286.0
438.0 273.0
479.0 283.0
536.0 306.0
530.0 272.0
552.0 365.0
579.0 314.0
591.0 307.0
656.0 234.0
227-5-6.jpg
317.0 384.0
317.0 363.0
341.0 356.0
391.0 322.0
411.0 299.0
436.0 413.0
441.0 387.0
444.0 361.0
469.0 334.0
444.0 321.0
472.0 296.0
466.0 282.0
501.0 299.0
554.0 331.0
547.0 294.0
557.0 390.0
589.0 344.0
602.0 340.0
674.0 276.0
247-1-6.jpg
305.0 255.0
304.0 233.0
331.0 226.0
381.0 192.0
400.0 166.0
430.0 286.0
435.0 257.0
437.0 229.0
462.0 202.0
439.0 190.0
463.0 163.0
458.0 147.0
488.0 164.0
546.0 201.0
536.0 163.0
549.0 260.0
583.0 215.0
596.0 211.0
672.0 146.0
247-2-6.jpg
270.0 315.0
272.0 295.0
300.0 288.0
353.0 251.0
370.0 228.0
403.0 345.0
408.0 318.0
409.0 291.0
435.0 263.0
409.0 251.0
432.0 224.0
426.0 210.0
462.0 226.0
516.0 259.0
514.0 221.0
525.0 316.0
554.0 271.0
571.0 267.0
648.0 204.0
247-3-6.jpg
278.0 304.0
277.0 282.0
307.0 273.0
354.0 235.0
371.0 211.0
404.0 325.0
409.0 299.0
408.0 270.0
434.0 241.0
414.0 230.0
435.0 204.0
425.0 190.0
463.0 204.0
520.0 235.0
507.0 198.0
530.0 296.0
557.0 247.0
571.0 241.0
645.0 172.0
247-4-6.jpg
303.0 272.0
309.0 252.0
335.0 250.0
394.0 226.0
418.0 208.0
422.0 325.0
433.0 300.0
439.0 274.0
475.0 255.0
451.0 236.0
480.0 217.0
476.0 200.0
506.0 226.0
555.0 269.0
551.0 230.0
545.0 326.0
585.0 289.0
601.0 289.0
687.0 244.0
247-5-6.jpg
251.0 356.0
254.0 335.0
280.0 329.0
329.0 300.0
351.0 278.0
369.0 393.0
377.0 371.0
379.0 343.0
408.0 319.0
385.0 303.0
411.0 279.0
405.0 265.0
440.0 285.0
488.0 323.0
487.0 286.0
489.0 379.0
523.0 341.0
537.0 339.0
615.0 285.0
252-1-6.jpg
294.0 307.0
296.0 287.0
321.0 281.0
370.0 248.0
390.0 225.0
421.0 342.0
427.0 317.0
428.0 287.0
454.0 260.0
427.0 247.0
451.0 223.0
444.0 208.0
480.0 226.0
536.0 260.0
528.0 222.0
543.0 321.0
575.0 277.0
587.0 273.0
664.0 215.0
252-2-6.jpg
493.0 564.0
517.0 533.0
561.0 540.0
670.0 525.0
724.0 500.0
681.0 722.0
714.0 685.0
742.0 639.0
810.0 617.0
777.0 572.0
842.0 549.0
842.0 519.0
890.0 576.0
957.0 689.0
972.0 609.0
912.0 788.0
1002.0 738.0
1032.0 745.0
1215.0 705.0
252-3-6.jpg
303.0 277.0
309.0 258.0
335.0 251.0
386.0 219.0
406.0 195.0
429.0 313.0
438.0 289.0
440.0 259.0
470.0 235.0
445.0 221.0
471.0 194.0
463.0 179.0
502.0 199.0
553.0 235.0
549.0 196.0
556.0 296.0
586.0 251.0
603.0 249.0
681.0 189.0
252-4-6.jpg
304.0 291.0
310.0 271.0
335.0 266.0
386.0 233.0
405.0 212.0
429.0 326.0
436.0 304.0
438.0 276.0
467.0 252.0
440.0 237.0
467.0 212.0
463.0 196.0
497.0 217.0
543.0 254.0
541.0 218.0
546.0 312.0
581.0 274.0
596.0 272.0
671.0 218.0
252-5-6.jpg
299.0 307.0
300.0 286.0
325.0 277.0
375.0 241.0
391.0 216.0
422.0 331.0
428.0 307.0
428.0 278.0
456.0 250.0
435.0 239.0
453.0 213.0
442.0 199.0
478.0 213.0
531.0 245.0
527.0 208.0
543.0 303.0
570.0 260.0
585.0 255.0
662.0 191.0
256-1-6.jpg
280.0 298.0
279.0 275.0
301.0 267.0
353.0 224.0
369.0 198.0
408.0 316.0
412.0 290.0
409.0 260.0
434.0 231.0
410.0 220.0
432.0 190.0
421.0 177.0
457.0 191.0
516.0 220.0
508.0 183.0
525.0 282.0
558.0 233.0
570.0 228.0
644.0 159.0
256-2-6.jpg
556.0 502.0
564.0 460.0
615.0 447.0
713.0 377.0
748.0 337.0
796.0 559.0
812.0 513.0
813.0 455.0
869.0 405.0
832.0 381.0
869.0 330.0
852.0 305.0
926.0 334.0
1029.0 404.0
1017.0 330.0
1030.0 514.0
1097.0 430.0
1124.0 422.0
1266.0 308.0
256-3-6.jpg
290.0 255.0
293.0 234.0
319.0 227.0
362.0 195.0
387.0 168.0
416.0 286.0
421.0 261.0
422.0 232.0
449.0 204.0
426.0 192.0
451.0 165.0
445.0 151.0
480.0 169.0
539.0 206.0
530.0 167.0
541.0 265.0
576.0 222.0
592.0 217.0
673.0 158.0
256-4-6.jpg
284.0 274.0
286.0 253.0
311.0 248.0
361.0 213.0
376.0 190.0
403.0 304.0
412.0 281.0
414.0 252.0
441.0 226.0
417.0 212.0
443.0 188.0
433.0 174.0
472.0 191.0
522.0 226.0
515.0 187.0
526.0 283.0
555.0 239.0
571.0 237.0
649.0 172.0
256-5-6.jpg
291.0 284.0
296.0 264.0
323.0 260.0
370.0 233.0
397.0 208.0
410.0 330.0
422.0 304.0
423.0 276.0
452.0 251.0
431.0 237.0
459.0 213.0
452.0 198.0
488.0 220.0
535.0 259.0
536.0 221.0
531.0 318.0
571.0 277.0
585.0 277.0
668.0 225.0
258-1-6.jpg
325.0 303.0
330.0 283.0
355.0 278.0
406.0 244.0
425.0 223.0
449.0 340.0
454.0 316.0
457.0 287.0
482.0 261.0
460.0 247.0
486.0 222.0
479.0 208.0
513.0 227.0
567.0 266.0
565.0 227.0
568.0 322.0
601.0 282.0
615.0 280.0
697.0 224.0
258-2-6.jpg
290.0 270.0
298.0 250.0
324.0 246.0
375.0 219.0
396.0 200.0
409.0 316.0
418.0 291.0
421.0 264.0
449.0 241.0
429.0 226.0
457.0 206.0
449.0 190.0
484.0 211.0
530.0 250.0
533.0 215.0
530.0 307.0
564.0 270.0
581.0 269.0
666.0 220.0
258-3-6.jpg
274.0 294.0
277.0 273.0
301.0 267.0
350.0 230.0
368.0 207.0
398.0 325.0
403.0 299.0
403.0 270.0
423.0 241.0
403.0 232.0
430.0 206.0
421.0 191.0
457.0 208.0
509.0 242.0
506.0 204.0
515.0 298.0
548.0 255.0
562.0 253.0
637.0 194.0
258-4-6.jpg
283.0 248.0
290.0 226.0
314.0 224.0
366.0 195.0
389.0 174.0
400.0 296.0
409.0 272.0
414.0 242.0
444.0 219.0
419.0 201.0
451.0 180.0
444.0 165.0
478.0 188.0
530.0 229.0
530.0 191.0
525.0 286.0
564.0 247.0
580.0 244.0
662.0 195.0
258-5-6.jpg
288.0 313.0
291.0 291.0
316.0 284.0
367.0 248.0
390.0 224.0
418.0 344.0
424.0 318.0
426.0 291.0
452.0 264.0
424.0 250.0
450.0 225.0
443.0 209.0
479.0 228.0
537.0 264.0
529.0 225.0
540.0 323.0
571.0 281.0
588.0 278.0
669.0 221.0
262-3-9.jpg
250.0 248.0
253.0 226.0
279.0 220.0
330.0 186.0
352.0 162.0
377.0 281.0
384.0 254.0
386.0 225.0
412.0 199.0
386.0 186.0
410.0 159.0
403.0 146.0
436.0 163.0
497.0 199.0
493.0 160.0
501.0 259.0
529.0 213.0
547.0 210.0
627.0 154.0
262-4-9.jpg
296.0 248.0
300.0 227.0
322.0 223.0
381.0 192.0
406.0 168.0
421.0 292.0
431.0 265.0
436.0 238.0
461.0 212.0
435.0 195.0
466.0 171.0
461.0 156.0
493.0 177.0
544.0 221.0
544.0 178.0
544.0 280.0
576.0 239.0
593.0 238.0
680.0 186.0
262-5-9.jpg
278.0 404.0
281.0 382.0
306.0 376.0
360.0 337.0
378.0 313.0
408.0 430.0
416.0 404.0
415.0 376.0
441.0 348.0
413.0 335.0
438.0 309.0
431.0 294.0
465.0 310.0
523.0 346.0
517.0 305.0
528.0 405.0
556.0 358.0
572.0 354.0
654.0 294.0
262-6-9.jpg
249.0 291.0
254.0 270.0
277.0 266.0
332.0 229.0
352.0 206.0
380.0 324.0
388.0 298.0
389.0 268.0
419.0 243.0
386.0 228.0
410.0 204.0
405.0 190.0
441.0 207.0
499.0 242.0
492.0 203.0
501.0 300.0
530.0 255.0
548.0 252.0
631.0 193.0
262-7-9.jpg
331.0 254.0
335.0 233.0
358.0 230.0
415.0 200.0
437.0 180.0
451.0 298.0
458.0 273.0
463.0 245.0
494.0 222.0
470.0 207.0
494.0 184.0
490.0 170.0
526.0 191.0
576.0 230.0
571.0 190.0
571.0 289.0
607.0 248.0
624.0 247.0
705.0 192.0
434-1-6.jpg
301.0 286.0
314.0 267.0
344.0 270.0
401.0 254.0
426.0 240.0
408.0 359.0
423.0 338.0
433.0 311.0
471.0 294.0
451.0 273.0
484.0 257.0
483.0 243.0
513.0 272.0
551.0 326.0
561.0 286.0
531.0 384.0
576.0 351.0
594.0 352.0
688.0 324.0
434-2-6.jpg
242.0 362.0
248.0 340.0
273.0 339.0
337.0 312.0
362.0 293.0
364.0 415.0
374.0 392.0
382.0 364.0
414.0 343.0
394.0 325.0
422.0 303.0
420.0 288.0
451.0 311.0
501.0 357.0
505.0 318.0
493.0 418.0
537.0 382.0
550.0 381.0
637.0 333.0
434-3-6.jpg
282.0 280.0
282.0 257.0
303.0 250.0
356.0 210.0
371.0 187.0
406.0 301.0
411.0 277.0
412.0 248.0
436.0 220.0
414.0 208.0
435.0 181.0
428.0 166.0
466.0 182.0
522.0 214.0
519.0 176.0
531.0 275.0
562.0 229.0
575.0 224.0
642.0 160.0
434-5-6.jpg
290.0 280.0
287.0 256.0
310.0 247.0
358.0 204.0
375.0 178.0
420.0 292.0
422.0 266.0
420.0 237.0
441.0 206.0
418.0 197.0
436.0 168.0
429.0 154.0
473.0 166.0
530.0 195.0
520.0 156.0
543.0 256.0
570.0 206.0
585.0 202.0
649.0 132.0
434-6-6.jpg
410.0 431.0
417.0 392.0
466.0 384.0
567.0 329.0
607.0 291.0
637.0 512.0
656.0 468.0
660.0 410.0
718.0 371.0
672.0 340.0
725.0 300.0
717.0 269.0
775.0 311.0
862.0 384.0
859.0 315.0
858.0 497.0
928.0 422.0
962.0 419.0
1119.0 330.0
644-1-9.jpg
237.0 352.0
238.0 331.0
261.0 321.0
312.0 281.0
330.0 254.0
369.0 371.0
371.0 344.0
369.0 314.0
394.0 285.0
368.0 274.0
389.0 247.0
382.0 233.0
413.0 246.0
469.0 275.0
467.0 238.0
482.0 332.0
511.0 286.0
527.0 281.0
597.0 216.0
644-2-9.jpg
272.0 376.0
272.0 353.0
294.0 347.0
346.0 309.0
363.0 285.0
403.0 400.0
406.0 375.0
402.0 344.0
427.0 314.0
403.0 304.0
427.0 278.0
421.0 264.0
457.0 278.0
507.0 310.0
509.0 273.0
518.0 368.0
548.0 322.0
562.0 318.0
637.0 256.0
644-3-9.jpg
271.0 345.0
271.0 323.0
291.0 312.0
333.0 268.0
346.0 241.0
397.0 349.0
399.0 325.0
391.0 295.0
412.0 263.0
386.0 256.0
406.0 226.0
396.0 213.0
435.0 223.0
497.0 248.0
483.0 209.0
506.0 304.0
529.0 252.0
543.0 246.0
607.0 173.0
644-4-9.jpg
273.0 293.0
269.0 271.0
289.0 259.0
330.0 207.0
337.0 180.0
398.0 284.0
397.0 257.0
388.0 228.0
409.0 195.0
381.0 189.0
396.0 159.0
384.0 147.0
424.0 153.0
484.0 171.0
470.0 136.0
505.0 225.0
522.0 173.0
533.0 165.0
587.0 84.0
644-5-9.jpg
273.0 278.0
275.0 256.0
304.0 248.0
352.0 212.0
370.0 189.0
401.0 303.0
408.0 278.0
407.0 249.0
430.0 222.0
409.0 209.0
435.0 184.0
426.0 169.0
467.0 185.0
514.0 219.0
511.0 182.0
515.0 277.0
547.0 232.0
565.0 229.0
641.0 167.0
670-1-6.jpg
264.0 308.0
263.0 286.0
289.0 275.0
334.0 235.0
352.0 205.0
394.0 320.0
397.0 295.0
394.0 265.0
414.0 231.0
394.0 224.0
413.0 195.0
403.0 181.0
444.0 193.0
506.0 222.0
489.0 184.0
515.0 280.0
541.0 231.0
556.0 225.0
623.0 152.0
670-2-6.jpg
283.0 346.0
285.0 326.0
308.0 317.0
357.0 276.0
370.0 253.0
418.0 362.0
420.0 339.0
417.0 308.0
439.0 278.0
412.0 268.0
434.0 242.0
423.0 228.0
465.0 241.0
526.0 269.0
509.0 233.0
535.0 325.0
561.0 278.0
574.0 273.0
646.0 207.0
670-3-6.jpg
287.0 359.0
285.0 338.0
308.0 327.0
352.0 278.0
364.0 252.0
417.0 362.0
418.0 335.0
411.0 306.0
431.0 272.0
409.0 266.0
425.0 236.0
413.0 224.0
456.0 230.0
517.0 254.0
503.0 217.0
533.0 312.0
557.0 260.0
570.0 252.0
627.0 175.0
670-4-6.jpg
278.0 286.0
278.0 265.0
303.0 254.0
349.0 212.0
363.0 187.0
414.0 292.0
418.0 269.0
412.0 238.0
432.0 208.0
410.0 200.0
429.0 170.0
418.0 159.0
457.0 169.0
517.0 193.0
502.0 158.0
528.0 247.0
556.0 199.0
567.0 193.0
635.0 123.0
670-5-6.jpg
292.0 298.0
294.0 277.0
317.0 269.0
370.0 231.0
389.0 203.0
423.0 321.0
427.0 296.0
426.0 265.0
452.0 238.0
430.0 226.0
454.0 197.0
444.0 184.0
487.0 199.0
541.0 233.0
539.0 193.0
545.0 292.0
575.0 244.0
593.0 242.0
666.0 175.0
674-1-6.bmp
295.0 260.0
295.0 239.0
321.0 230.0
370.0 189.0
388.0 163.0
427.0 281.0
430.0 258.0
430.0 226.0
454.0 195.0
429.0 184.0
448.0 156.0
440.0 143.0
479.0 155.0
541.0 187.0
535.0 149.0
547.0 250.0
577.0 199.0
593.0 194.0
663.0 125.0
674-2-6.bmp
281.0 439.0
284.0 417.0
307.0 412.0
365.0 381.0
386.0 357.0
407.0 481.0
414.0 455.0
419.0 425.0
449.0 400.0
422.0 383.0
453.0 359.0
444.0 343.0
480.0 362.0
528.0 403.0
530.0 365.0
531.0 465.0
564.0 421.0
579.0 418.0
663.0 361.0
674-3-6.bmp
274.0 259.0
282.0 238.0
307.0 235.0
361.0 206.0
382.0 183.0
395.0 305.0
406.0 282.0
409.0 251.0
440.0 228.0
417.0 211.0
444.0 187.0
436.0 172.0
475.0 193.0
528.0 235.0
525.0 194.0
522.0 296.0
562.0 252.0
580.0 251.0
665.0 194.0
674-4-6.bmp
266.0 273.0
265.0 252.0
287.0 245.0
339.0 205.0
355.0 180.0
390.0 293.0
395.0 269.0
395.0 239.0
418.0 211.0
395.0 200.0
418.0 172.0
409.0 159.0
444.0 174.0
500.0 203.0
495.0 168.0
509.0 260.0
539.0 216.0
551.0 212.0
627.0 147.0
674-5-6.bmp
268.0 189.0
270.0 169.0
296.0 163.0
350.0 130.0
368.0 106.0
403.0 224.0
409.0 197.0
406.0 168.0
429.0 142.0
412.0 130.0
430.0 107.0
419.0 91.0
461.0 108.0
518.0 143.0
507.0 106.0
516.0 202.0
554.0 157.0
568.0 155.0
642.0 98.0
676-1-6.bmp
247.0 292.0
251.0 271.0
277.0 267.0
333.0 234.0
352.0 210.0
379.0 329.0
387.0 304.0
385.0 274.0
413.0 250.0
391.0 237.0
418.0 211.0
408.0 195.0
447.0 215.0
501.0 254.0
492.0 215.0
498.0 312.0
536.0 269.0
549.0 267.0
631.0 211.0
676-2-6.bmp
278.0 280.0
278.0 256.0
305.0 250.0
360.0 216.0
379.0 192.0
406.0 311.0
412.0 285.0
413.0 256.0
439.0 229.0
420.0 216.0
445.0 192.0
435.0 176.0
472.0 194.0
526.0 231.0
519.0 191.0
525.0 289.0
561.0 247.0
575.0 244.0
653.0 185.0
676-3-6.bmp
295.0 387.0
295.0 366.0
320.0 359.0
366.0 325.0
387.0 297.0
428.0 411.0
431.0 386.0
431.0 357.0
455.0 331.0
427.0 318.0
449.0 292.0
441.0 278.0
478.0 295.0
540.0 326.0
527.0 289.0
550.0 384.0
580.0 339.0
595.0 334.0
664.0 270.0
676-4-6.bmp
259.0 247.0
261.0 227.0
294.0 221.0
340.0 190.0
359.0 166.0
388.0 282.0
395.0 259.0
396.0 229.0
419.0 202.0
398.0 190.0
423.0 166.0
413.0 150.0
452.0 169.0
507.0 205.0
498.0 169.0
508.0 263.0
543.0 221.0
556.0 219.0
633.0 163.0
676-5-6.bmp
272.0 390.0
277.0 370.0
304.0 362.0
355.0 326.0
372.0 304.0
408.0 422.0
413.0 397.0
412.0 366.0
436.0 338.0
413.0 325.0
436.0 300.0
428.0 286.0
462.0 302.0
524.0 336.0
509.0 298.0
529.0 396.0
562.0 351.0
575.0 348.0
651.0 280.0
679-1-6.bmp
271.0 292.0
277.0 274.0
300.0 271.0
361.0 240.0
385.0 219.0
397.0 340.0
407.0 315.0
407.0 285.0
433.0 261.0
417.0 248.0
445.0 225.0
440.0 212.0
472.0 230.0
522.0 270.0
518.0 233.0
522.0 330.0
558.0 291.0
574.0 289.0
658.0 237.0
679-2-6.bmp
222.0 330.0
229.0 311.0
255.0 308.0
311.0 280.0
332.0 260.0
348.0 383.0
358.0 357.0
360.0 329.0
386.0 306.0
367.0 289.0
395.0 269.0
390.0 253.0
423.0 275.0
473.0 320.0
469.0 280.0
468.0 377.0
507.0 339.0
521.0 339.0
607.0 289.0
679-3-6.bmp
249.0 290.0
261.0 272.0
285.0 272.0
342.0 248.0
369.0 227.0
374.0 357.0
385.0 333.0
391.0 303.0
422.0 281.0
401.0 263.0
430.0 242.0
428.0 225.0
457.0 251.0
504.0 301.0
504.0 261.0
496.0 362.0
537.0 325.0
552.0 326.0
643.0 285.0
679-4-6.bmp
242.0 255.0
251.0 237.0
275.0 237.0
365.0 193.0
338.0 211.0
364.0 320.0
374.0 298.0
382.0 266.0
412.0 247.0
391.0 226.0
427.0 209.0
421.0 192.0
454.0 218.0
500.0 270.0
502.0 230.0
482.0 325.0
528.0 292.0
541.0 294.0
635.0 255.0
679-5-6.bmp
239.0 273.0
243.0 251.0
273.0 246.0
328.0 215.0
353.0 191.0
370.0 318.0
379.0 292.0
384.0 262.0
417.0 236.0
391.0 220.0
418.0 195.0
411.0 179.0
449.0 201.0
511.0 247.0
501.0 201.0
498.0 305.0
540.0 264.0
556.0 262.0
642.0 205.0
685-1-6.bmp
253.0 366.0
261.0 344.0
284.0 343.0
347.0 316.0
372.0 296.0
376.0 420.0
387.0 396.0
393.0 367.0
428.0 346.0
403.0 327.0
436.0 305.0
430.0 290.0
467.0 314.0
510.0 359.0
514.0 320.0
505.0 418.0
544.0 379.0
559.0 379.0
650.0 333.0
685-2-6.bmp
265.0 290.0
265.0 269.0
292.0 261.0
342.0 226.0
364.0 200.0
394.0 318.0
400.0 292.0
402.0 263.0
432.0 236.0
404.0 222.0
428.0 196.0
418.0 182.0
463.0 198.0
517.0 234.0
513.0 194.0
519.0 292.0
552.0 249.0
567.0 245.0
650.0 176.0
685-3-6.bmp
294.0 282.0
295.0 261.0
321.0 256.0
374.0 225.0
397.0 201.0
417.0 323.0
425.0 298.0
430.0 270.0
458.0 244.0
435.0 228.0
462.0 204.0
455.0 189.0
493.0 209.0
546.0 253.0
544.0 212.0
540.0 312.0
578.0 270.0
594.0 269.0
680.0 210.0
685-4-6.bmp
243.0 293.0
250.0 273.0
277.0 272.0
335.0 250.0
362.0 229.0
360.0 352.0
373.0 326.0
380.0 299.0
414.0 278.0
392.0 260.0
424.0 241.0
418.0 223.0
455.0 249.0
495.0 295.0
498.0 256.0
484.0 355.0
528.0 318.0
542.0 317.0
632.0 273.0
685-5-6.bmp
285.0 443.0
283.0 422.0
304.0 416.0
352.0 376.0
369.0 353.0
406.0 462.0
408.0 439.0
408.0 410.0
432.0 381.0
406.0 372.0
429.0 344.0
422.0 334.0
459.0 345.0
509.0 372.0
508.0 337.0
519.0 429.0
548.0 387.0
560.0 381.0
637.0 317.0
914-1-9.bmp
288.0 300.0
293.0 280.0
316.0 280.0
376.0 256.0
402.0 239.0
400.0 360.0
412.0 337.0
419.0 309.0
450.0 290.0
430.0 271.0
460.0 251.0
457.0 235.0
489.0 262.0
529.0 306.0
537.0 269.0
518.0 362.0
555.0 327.0
572.0 328.0
667.0 290.0
914-2-9.bmp
300.0 333.0
301.0 310.0
321.0 305.0
375.0 270.0
399.0 245.0
419.0 367.0
426.0 343.0
429.0 313.0
457.0 287.0
431.0 272.0
458.0 246.0
449.0 232.0
487.0 249.0
537.0 289.0
540.0 248.0
537.0 349.0
571.0 305.0
585.0 301.0
667.0 244.0
914-3-9.bmp
274.0 283.0
278.0 261.0
303.0 259.0
355.0 228.0
380.0 205.0
395.0 326.0
403.0 302.0
405.0 270.0
436.0 247.0
406.0 231.0
440.0 208.0
433.0 193.0
467.0 214.0
515.0 253.0
517.0 213.0
517.0 312.0
550.0 271.0
566.0 269.0
650.0 218.0
914-4-9.bmp
280.0 257.0
286.0 239.0
311.0 236.0
366.0 209.0
388.0 189.0
396.0 305.0
407.0 282.0
410.0 254.0
434.0 230.0
413.0 216.0
441.0 195.0
436.0 181.0
469.0 200.0
517.0 242.0
524.0 204.0
513.0 299.0
547.0 260.0
564.0 259.0
650.0 215.0
914-5-9.bmp
541.0 582.0
551.0 538.0
595.0 526.0
686.0 458.0
724.0 413.0
778.0 640.0
791.0 591.0
791.0 534.0
839.0 482.0
792.0 457.0
838.0 409.0
824.0 383.0
886.0 412.0
988.0 477.0
986.0 403.0
999.0 587.0
1053.0 505.0
1087.0 498.0
1236.0 385.0
915-1-9.bmp
292.0 369.0
295.0 347.0
317.0 342.0
371.0 309.0
395.0 283.0
419.0 407.0
427.0 382.0
426.0 350.0
457.0 326.0
429.0 310.0
457.0 286.0
450.0 270.0
482.0 289.0
533.0 327.0
536.0 289.0
539.0 387.0
571.0 343.0
586.0 340.0
666.0 287.0
915-2-9.bmp
303.0 313.0
306.0 298.0
327.0 297.0
382.0 272.0
408.0 254.0
410.0 368.0
419.0 346.0
427.0 317.0
457.0 300.0
435.0 281.0
465.0 263.0
461.0 248.0
494.0 272.0
534.0 314.0
543.0 279.0
526.0 369.0
565.0 336.0
580.0 337.0
669.0 298.0
915-3-9.bmp
311.0 357.0
310.0 336.0
334.0 326.0
379.0 283.0
393.0 256.0
439.0 364.0
439.0 339.0
435.0 310.0
454.0 281.0
429.0 274.0
452.0 244.0
442.0 232.0
479.0 241.0
537.0 267.0
527.0 229.0
550.0 323.0
573.0 275.0
588.0 269.0
653.0 195.0
915-4-9.bmp
236.0 307.0
244.0 285.0
266.0 284.0
320.0 254.0
344.0 233.0
358.0 354.0
366.0 329.0
371.0 300.0
398.0 277.0
373.0 261.0
403.0 240.0
399.0 225.0
427.0 245.0
480.0 286.0
478.0 248.0
479.0 345.0
513.0 304.0
529.0 303.0
616.0 259.0
915-5-9.bmp
277.0 420.0
276.0 399.0
298.0 390.0
344.0 348.0
360.0 321.0
401.0 432.0
407.0 409.0
403.0 379.0
424.0 350.0
397.0 339.0
420.0 310.0
411.0 299.0
448.0 309.0
508.0 337.0
496.0 299.0
520.0 395.0
545.0 346.0
559.0 342.0
623.0 271.0
917-1-9.bmp
235.0 335.0
241.0 316.0
265.0 311.0
317.0 280.0
337.0 257.0
351.0 374.0
360.0 352.0
366.0 323.0
396.0 299.0
373.0 283.0
400.0 261.0
394.0 245.0
430.0 266.0
482.0 308.0
477.0 267.0
473.0 365.0
511.0 325.0
524.0 323.0
607.0 271.0
917-2-9.bmp
255.0 248.0
257.0 227.0
285.0 223.0
335.0 197.0
361.0 173.0
373.0 288.0
381.0 266.0
385.0 238.0
411.0 215.0
393.0 200.0
419.0 178.0
412.0 163.0
446.0 183.0
493.0 223.0
493.0 185.0
489.0 279.0
524.0 241.0
540.0 239.0
623.0 191.0
917-3-9.bmp
293.0 298.0
291.0 276.0
312.0 266.0
363.0 223.0
378.0 197.0
421.0 310.0
424.0 285.0
421.0 255.0
445.0 226.0
416.0 216.0
437.0 188.0
430.0 174.0
465.0 186.0
525.0 216.0
515.0 177.0
538.0 275.0
563.0 227.0
579.0 221.0
647.0 149.0
917-4-9.bmp
265.0 209.0
268.0 190.0
294.0 185.0
346.0 155.0
370.0 133.0
381.0 248.0
389.0 226.0
394.0 197.0
424.0 175.0
399.0 159.0
427.0 138.0
421.0 122.0
456.0 142.0
505.0 182.0
506.0 145.0
494.0 239.0
532.0 199.0
550.0 198.0
632.0 151.0
917-5-9.bmp
275.0 460.0
278.0 440.0
301.0 433.0
355.0 394.0
373.0 370.0
402.0 484.0
407.0 460.0
407.0 430.0
432.0 403.0
408.0 392.0
433.0 366.0
424.0 352.0
463.0 368.0
513.0 398.0
508.0 363.0
516.0 457.0
549.0 411.0
563.0 406.0
637.0 344.0
919-1-9.bmp
249.0 165.0
253.0 145.0
276.0 142.0
330.0 116.0
352.0 94.0
359.0 215.0
370.0 191.0
373.0 162.0
401.0 141.0
380.0 124.0
410.0 104.0
404.0 87.0
439.0 112.0
481.0 156.0
483.0 117.0
469.0 211.0
514.0 176.0
527.0 175.0
613.0 132.0
919-2-9.bmp
272.0 310.0
280.0 291.0
304.0 289.0
364.0 269.0
389.0 250.0
385.0 371.0
396.0 348.0
404.0 319.0
435.0 299.0
416.0 282.0
448.0 265.0
445.0 247.0
473.0 275.0
517.0 321.0
522.0 285.0
502.0 378.0
550.0 345.0
565.0 345.0
653.0 312.0
919-3-9.bmp
247.0 203.0
255.0 184.0
279.0 182.0
335.0 158.0
359.0 136.0
365.0 254.0
375.0 233.0
380.0 203.0
409.0 181.0
391.0 167.0
419.0 147.0
414.0 128.0
444.0 154.0
485.0 196.0
489.0 159.0
478.0 252.0
517.0 216.0
531.0 214.0
615.0 169.0
919-4-9.bmp
248.0 276.0
257.0 256.0
278.0 255.0
337.0 232.0
363.0 213.0
361.0 333.0
373.0 312.0
380.0 283.0
411.0 263.0
389.0 245.0
420.0 226.0
418.0 211.0
447.0 235.0
486.0 278.0
490.0 243.0
479.0 336.0
518.0 303.0
534.0 303.0
624.0 270.0
919-5-9.bmp
249.0 221.0
250.0 201.0
276.0 193.0
325.0 155.0
341.0 130.0
380.0 240.0
384.0 216.0
380.0 186.0
405.0 161.0
378.0 150.0
402.0 124.0
391.0 109.0
426.0 124.0
486.0 153.0
475.0 117.0
493.0 210.0
520.0 162.0
533.0 159.0
603.0 95.0
920-1-9.bmp
256.0 239.0
260.0 221.0
283.0 216.0
337.0 184.0
359.0 159.0
386.0 277.0
391.0 254.0
391.0 223.0
417.0 199.0
394.0 184.0
420.0 162.0
411.0 147.0
446.0 166.0
499.0 202.0
499.0 165.0
501.0 262.0
534.0 217.0
549.0 214.0
623.0 158.0
920-2-9.bmp
222.0 381.0
230.0 362.0
252.0 364.0
311.0 347.0
335.0 332.0
328.0 445.0
338.0 425.0
347.0 397.0
381.0 381.0
363.0 363.0
391.0 348.0
388.0 333.0
415.0 358.0
454.0 405.0
460.0 369.0
439.0 460.0
484.0 430.0
497.0 432.0
583.0 402.0
920-3-9.bmp
260.0 263.0
261.0 244.0
284.0 238.0
334.0 204.0
351.0 179.0
381.0 290.0
388.0 268.0
387.0 239.0
411.0 212.0
391.0 203.0
416.0 178.0
406.0 162.0
444.0 178.0
494.0 213.0
489.0 175.0
495.0 268.0
525.0 225.0
540.0 221.0
619.0 164.0
920-4-9.bmp
250.0 293.0
256.0 272.0
283.0 271.0
342.0 248.0
369.0 227.0
372.0 348.0
380.0 327.0
390.0 296.0
420.0 276.0
395.0 257.0
428.0 237.0
425.0 221.0
456.0 247.0
504.0 291.0
508.0 253.0
494.0 350.0
533.0 311.0
551.0 311.0
638.0 270.0
920-5-9.bmp
293.0 429.0
294.0 410.0
316.0 399.0
364.0 354.0
379.0 327.0
423.0 437.0
425.0 412.0
420.0 383.0
441.0 353.0
417.0 344.0
437.0 316.0
427.0 303.0
466.0 313.0
521.0 337.0
510.0 303.0
532.0 395.0
557.0 345.0
571.0 339.0
635.0 265.0
924-1-9.bmp
271.0 224.0
273.0 203.0
296.0 197.0
347.0 165.0
364.0 142.0
386.0 260.0
393.0 235.0
393.0 205.0
419.0 181.0
396.0 167.0
424.0 144.0
416.0 129.0
452.0 147.0
501.0 186.0
496.0 148.0
496.0 242.0
536.0 203.0
548.0 200.0
628.0 147.0
924-2-9.bmp
257.0 295.0
263.0 275.0
284.0 272.0
343.0 245.0
367.0 223.0
375.0 343.0
383.0 319.0
388.0 290.0
417.0 267.0
396.0 252.0
426.0 231.0
422.0 216.0
453.0 238.0
501.0 280.0
503.0 244.0
491.0 338.0
535.0 301.0
550.0 299.0
634.0 255.0
924-3-9.bmp
221.0 205.0
228.0 186.0
251.0 185.0
307.0 162.0
332.0 143.0
336.0 262.0
347.0 241.0
353.0 209.0
380.0 189.0
362.0 172.0
395.0 155.0
390.0 139.0
419.0 163.0
464.0 208.0
466.0 170.0
453.0 266.0
497.0 231.0
511.0 230.0
598.0 190.0
924-4-9.bmp
230.0 239.0
237.0 218.0
261.0 216.0
317.0 188.0
338.0 167.0
349.0 285.0
358.0 263.0
363.0 234.0
390.0 211.0
373.0 196.0
399.0 175.0
393.0 158.0
425.0 181.0
467.0 221.0
471.0 184.0
463.0 278.0
500.0 240.0
514.0 238.0
596.0 188.0
924-5-9.bmp
283.0 239.0
287.0 220.0
310.0 214.0
363.0 182.0
383.0 159.0
404.0 276.0
414.0 252.0
418.0 222.0
443.0 197.0
424.0 184.0
445.0 160.0
436.0 145.0
476.0 164.0
529.0 199.0
527.0 162.0
529.0 260.0
563.0 218.0
579.0 214.0
662.0 160.0
925-1-9.bmp
273.0 293.0
278.0 272.0
301.0 271.0
359.0 252.0
385.0 235.0
383.0 355.0
396.0 334.0
407.0 305.0
438.0 287.0
420.0 268.0
445.0 249.0
441.0 233.0
471.0 259.0
515.0 306.0
521.0 269.0
504.0 363.0
548.0 332.0
563.0 332.0
657.0 297.0
925-2-9.bmp
328.0 398.0
326.0 377.0
348.0 369.0
394.0 328.0
410.0 302.0
452.0 411.0
456.0 388.0
453.0 358.0
471.0 330.0
448.0 322.0
469.0 294.0
458.0 281.0
494.0 293.0
551.0 318.0
540.0 284.0
566.0 375.0
589.0 329.0
602.0 324.0
676.0 257.0
925-3-9.bmp
284.0 302.0
286.0 283.0
313.0 277.0
360.0 248.0
379.0 226.0
403.0 340.0
409.0 318.0
413.0 290.0
438.0 265.0
417.0 251.0
442.0 229.0
434.0 214.0
469.0 233.0
523.0 270.0
517.0 233.0
519.0 326.0
553.0 286.0
570.0 285.0
651.0 232.0
925-4-9.bmp
273.0 189.0
274.0 169.0
296.0 166.0
350.0 135.0
373.0 112.0
396.0 231.0
403.0 210.0
406.0 177.0
430.0 153.0
412.0 140.0
439.0 116.0
431.0 100.0
466.0 121.0
514.0 159.0
516.0 122.0
515.0 219.0
548.0 178.0
565.0 176.0
645.0 124.0
925-5-9.bmp
