74 137
77 116
100 108
149 74
169 49
196 162
204 137
206 108
227 81
205 70
227 44
221 31
255 46
313 75
319 38
317 132
350 88
367 87
444 24
1180-1-11.bmp
71 202
73 181
92 171
145 124
161 97
207 207
208 182
204 153
222 123
196 115
214 86
206 73
238 83
305 104
301 66
317 159
341 112
358 106
428 31
1180-2-11.bmp
75 117
78 99
102 93
157 61
182 35
193 152
203 129
209 101
228 74
216 65
240 39
231 23
264 42
314 75
324 43
315 134
349 93
366 90
451 39
1180-3-11.bmp
74 115
80 95
102 89
157 56
179 33
191 152
202 130
206 100
227 75
207 62
234 38
229 23
257 42
312 82
316 44
311 138
344 97
359 95
445 46
1180-4-11.bmp
78 112
83 91
107 86
168 55
191 33
203 152
214 129
221 101
243 75
225 62
251 39
244 23
277 43
339 83
340 45
329 140
367 99
384 96
472 49
1180-5-11.bmp
74 131
75 113
101 104
154 68
174 45
201 155
204 132
205 103
227 77
212 67
235 42
223 29
262 43
316 73
320 37
319 127
346 84
363 81
448 23
1192-1-11.bmp
77 113
81 94
110 89
166 59
192 36
204 151
211 128
216 99
243 76
221 63
252 38
243 23
275 43
330 80
332 43
322 136
358 95
376 93
464 38
1192-2-11.bmp
76 106
78 88
106 82
158 54
184 31
194 143
202 124
206 94
228 71
213 59
240 38
233 21
263 41
319 79
333 43
314 133
350 93
366 92
457 44
1192-3-11.bmp
77 102
81 83
104 81
163 51
189 30
196 146
206 124
212 97
236 73
217 59
248 37
240 22
269 42
324 83
335 48
316 141
356 100
369 100
465 55
1192-4-11.bmp
79 104
83 85
113 81
169 54
194 31
203 151
214 130
219 100
246 77
227 62
261 41
252 23
286 46
334 87
345 50
329 146
368 106
383 104
475 57
1192-5-11.bmp
75 124
78 103
101 98
152 64
180 38
201 152
206 129
210 101
231 75
209 62
236 36
228 23
260 39
323 75
318 36
323 128
354 87
370 83
452 24
1196-1-11.bmp
76 121
79 102
103 95
154 63
178 39
199 151
207 127
211 100
232 74
212 63
238 38
226 23
261 40
321 74
324 37
322 131
356 87
372 84
456 29
1196-2-11.bmp
76 116
79 95
105 90
161 59
185 33
197 152
205 129
211 100
240 73
214 62
249 37
239 23
269 41
325 81
326 44
321 137
357 97
372 96
457 45
1196-3-11.bmp
74 112
76 93
100 88
154 55
177 33
191 147
198 124
202 94
227 72
209 61
237 38
225 22
260 40
314 76
319 39
308 129
340 90
356 87
445 34
1196-5-11.bmp
72 100
77 81
98 77
154 50
181 30
183 142
192 124
199 96
221 72
204 58
235 37
228 21
258 43
312 85
312 46
299 139
339 102
354 102
436 54
1196-6-11.bmp
78 121
81 100
108 94
164 61
190 35
206 156
212 133
216 103
245 77
220 64
251 39
240 23
278 43
334 79
333 41
329 135
359 91
378 88
468 35
1198-1-11.bmp
78 115
83 93
108 89
165 58
192 35
202 153
211 132
215 102
239 75
218 63
249 39
242 23
272 42
333 81
330 44
327 138
362 96
376 94
468 41
1198-2-11.bmp
76 105
82 85
106 82
161 54
190 32
194 147
202 125
208 97
232 71
219 60
248 37
242 22
270 42
319 81
330 46
317 138
352 99
370 98
458 51
1198-3-11.bmp
77 111
82 92
110 87
167 56
192 33
205 152
211 132
215 102
239 76
223 64
254 40
244 23
275 44
332 86
337 46
320 138
357 100
375 97
463 50
1198-4-11.bmp
76 95
80 77
108 74
166 50
188 30
199 142
205 121
212 93
237 72
217 58
252 38
244 21
273 44
324 84
335 50
316 138
352 100
368 102
460 62
1198-5-11.bmp
73 127
76 107
97 101
147 65
172 40
194 156
200 133
203 102
226 75
203 64
232 38
222 25
257 40
313 75
317 37
313 134
343 88
358 86
438 23
1202-1-11.bmp
73 115
77 95
98 91
153 58
177 34
189 146
196 125
202 99
225 73
211 63
235 37
224 22
257 40
311 75
317 40
308 131
342 89
358 88
442 37
1202-2-11.bmp
77 122
81 102
108 96
163 64
185 39
205 155
213 134
215 104
238 75
220 64
245 39
236 23
266 42
328 78
323 40
324 135
360 92
376 89
463 31
1202-3-11.bmp
75 118
81 97
104 93
157 59
181 36
198 151
204 130
208 102
229 73
211 63
238 37
230 23
263 40
321 76
319 40
317 131
352 90
367 88
453 38
1202-4-11.bmp
72 148
73 127
100 117
149 81
169 56
195 165
198 144
200 117
225 87
203 77
226 52
216 37
245 51
308 82
306 46
306 138
337 92
352 89
435 25
1202-5-11.bmp
74 113
77 93
102 89
154 58
179 36
190 151
198 126
204 100
231 76
211 62
237 40
229 23
263 43
318 81
320 44
311 134
345 94
359 93
446 39
1205-1-11.bmp
73 102
80 82
106 78
163 50
186 29
187 142
197 122
204 94
231 71
215 58
242 36
236 21
267 42
317 82
319 45
307 135
343 97
358 97
442 51
1205-2-11.bmp
76 102
83 82
111 79
169 51
194 31
196 149
209 127
214 99
242 76
223 63
252 40
245 22
275 45
331 88
331 49
318 143
355 105
373 104
460 55
1205-3-11.bmp
75 104
80 84
105 81
163 52
187 30
188 145
201 124
206 96
232 72
213 60
242 37
235 22
267 42
323 85
323 44
309 137
346 99
365 99
452 50
1205-4-11.bmp
76 107
82 86
111 81
166 53
189 32
197 147
207 125
211 98
240 73
220 60
247 38
238 22
269 42
325 84
325 47
317 138
351 99
368 98
456 48
1205-5-11.bmp
76 121
79 100
103 94
160 60
181 37
198 153
205 132
210 102
233 75
215 64
244 37
237 23
268 41
325 79
326 41
321 136
354 92
371 90
456 34
1217-1-11.bmp
75 104
78 84
105 81
162 53
187 32
191 146
201 127
206 97
235 74
216 60
247 38
239 22
270 43
321 84
329 48
313 141
350 101
366 101
453 53
1217-2-11.bmp
75 130
76 109
101 104
155 67
176 42
201 158
207 137
209 106
233 79
212 68
238 39
230 24
262 42
323 78
323 40
320 137
353 90
371 88
451 26
1217-3-11.bmp
75 105
81 84
103 80
160 52
184 32
192 146
201 124
207 97
231 71
213 59
242 37
236 22
264 42
322 83
328 45
311 137
347 98
364 97
453 50
1217-4-11.bmp
76 110
80 88
108 84
165 54
188 33
192 152
205 129
211 99
236 75
221 64
246 39
241 23
270 46
326 86
331 49
318 143
357 103
374 102
460 54
1217-5-11.bmp
73 133
78 113
103 105
149 71
175 43
194 156
202 135
203 107
223 78
204 68
233 41
224 27
253 43
311 76
314 38
311 134
343 88
358 85
440 23
1221-1-11.bmp
74 143
75 122
102 112
153 74
174 49
199 167
204 143
206 113
227 84
209 75
233 47
224 33
261 48
317 81
318 43
317 139
348 93
364 90
445 25
1221-2-11.bmp
76 118
80 98
111 91
161 58
184 35
199 152
207 129
210 100
232 74
217 63
244 38
235 23
267 41
324 78
324 40
319 135
353 94
371 91
456 36
1221-3-11.bmp
75 104
83 85
108 82
160 53
185 31
190 148
201 126
207 98
234 75
217 62
245 39
238 22
267 44
318 86
328 50
312 142
352 106
369 106
454 58
1221-4-11.bmp
75 111
75 91
98 86
154 56
180 33
194 149
203 128
208 99
235 74
214 60
237 36
232 22
265 40
321 79
324 41
321 135
352 95
367 92
452 36
1221-5-11.bmp
66 205
66 184
89 170
129 128
147 98
189 208
193 183
188 154
202 123
184 116
202 87
191 74
232 83
291 105
289 69
298 160
320 110
333 105
399 31
1222-1-11.bmp
76 135
76 113
105 103
157 67
179 42
201 159
207 134
211 105
234 74
221 66
244 41
230 24
273 43
325 74
337 38
321 134
356 87
373 85
458 29
1222-2-11.bmp
73 151
75 130
100 122
154 82
175 56
194 174
202 149
204 119
227 91
206 81
234 51
222 38
257 53
316 86
317 47
315 142
345 96
360 91
441 26
1222-3-11.bmp
75 148
76 126
105 116
155 79
178 51
202 169
208 144
210 113
238 85
214 74
236 48
226 33
262 48
322 80
323 42
325 141
356 90
371 87
454 25
1222-4-11.bmp
73 154
74 133
101 123
151 84
170 58
196 173
203 149
204 121
223 90
209 84
232 53
221 38
255 53
313 85
315 45
314 142
344 94
358 89
438 26
1222-5-11.bmp
74 168
73 145
99 135
148 95
165 70
203 184
207 160
206 130
223 99
201 91
226 63
214 49
251 63
311 90
312 54
317 150
348 100
363 96
440 28
1223-1-11.bmp
74 132
76 112
100 105
155 68
177 43
197 158
203 134
206 105
230 78
207 68
238 40
228 25
261 41
321 75
318 37
321 131
349 87
367 83
447 24
1223-2-11.bmp
73 172
73 150
97 141
148 99
167 71
205 188
207 164
205 133
226 103
202 93
230 63
220 50
256 63
318 92
315 53
322 149
349 101
366 96
439 28
1223-3-11.bmp
77 110
84 90
106 85
163 57
192 33
198 153
206 132
215 103
241 77
221 63
253 41
245 23
277 46
333 87
332 49
326 142
363 103
380 103
465 51
1223-4-11.bmp
77 105
83 85
105 82
166 53
192 32
196 151
207 130
212 100
233 73
218 61
249 39
244 23
275 45
331 89
340 50
313 146
358 105
370 105
464 58
1223-5-11.bmp
75 126
79 107
104 99
162 63
186 37
201 158
206 134
214 104
240 77
216 65
241 39
234 24
265 40
326 76
320 39
322 131
355 88
370 85
451 26
1226-1-11.bmp
71 137
71 114
97 107
146 73
167 46
186 162
192 140
198 110
224 82
198 70
224 45
216 30
245 45
305 81
302 41
306 135
337 92
353 89
426 24
1226-2-11.bmp
71 122
75 101
101 95
150 62
168 37
183 152
193 129
199 101
228 73
199 62
228 38
220 23
250 40
307 76
305 37
305 128
335 89
351 86
427 26
1226-3-11.bmp
73 115
76 95
102 88
155 59
177 35
182 151
194 129
203 102
230 77
209 62
231 38
223 23
257 42
313 80
312 42
306 136
341 95
357 94
439 43
1226-4-11.bmp
72 122
75 102
102 96
150 64
173 37
187 155
195 130
201 103
229 77
201 63
229 39
221 23
253 42
314 76
308 38
308 132
342 91
360 88
433 25
1226-5-11.bmp
75 133
78 113
107 104
157 72
182 46
200 158
205 136
208 107
234 80
216 71
239 43
230 27
266 45
324 78
321 39
321 132
347 87
365 84
452 24
1231-1-11.bmp
76 97
82 78
108 75
167 49
190 28
190 143
202 122
209 94
240 73
221 58
251 38
246 21
277 46
323 86
333 51
312 141
348 103
366 103
460 65
1231-2-11.bmp
74 116
75 94
102 87
156 56
178 34
184 151
196 127
202 100
229 75
212 62
240 39
231 23
265 44
314 81
320 45
304 137
341 97
357 97
448 50
1231-3-11.bmp
72 139
72 118
96 111
148 71
168 46
189 159
197 137
199 108
226 79
203 69
228 43
216 29
254 45
308 76
309 40
308 129
339 86
353 84
433 24
1231-4-11.bmp
75 123
78 104
106 95
155 62
179 38
198 154
205 130
207 101
235 76
215 64
241 38
229 23
265 41
318 76
319 40
315 132
347 89
364 87
452 32
1231-5-11.bmp
71 135
71 114
94 106
143 66
162 42
188 164
195 139
196 107
224 79
197 67
221 40
213 25
249 42
307 77
296 40
306 139
337 92
353 89
428 26
120-1-9.jpg
76 114
80 95
104 89
160 55
177 35
198 153
207 128
211 99
239 75
217 60
242 37
236 23
272 41
326 80
318 40
322 136
357 96
374 95
456 39
120-2-9.jpg
76 114
83 87
107 83
164 51
182 33
200 154
209 129
213 100
240 75
218 59
248 38
242 23
276 43
330 84
321 43
325 141
361 102
377 100
460 48
120-3-9.jpg
72 124
74 103
98 97
146 61
161 41
195 155
202 132
201 99
228 75
204 62
227 36
220 24
259 39
309 73
305 36
314 132
347 89
361 85
433 23
120-4-9.jpg
72 147
74 125
98 116
148 76
164 55
200 171
205 144
204 115
227 88
204 75
226 48
220 35
254 49
310 81
308 43
318 140
349 94
363 90
433 26
120-5-9.jpg
73 145
75 123
101 115
150 77
169 53
202 169
209 143
206 113
230 87
205 76
229 48
221 34
255 47
308 80
303 42
319 141
350 92
364 87
438 25
121-1-9.jpg
68 243
65 221
87 208
126 156
138 128
200 234
199 208
190 179
207 147
177 141
196 110
184 99
220 104
285 121
265 85
305 177
323 123
334 117
392 37
121-2-9.jpg
75 115
79 94
107 89
163 58
182 39
204 156
214 130
216 100
242 77
216 62
246 39
240 23
273 40
325 79
320 40
322 139
357 95
373 92
453 38
121-3-9.jpg
73 150
76 130
104 120
153 82
169 59
209 171
214 147
211 117
234 90
209 80
234 50
226 38
260 50
317 83
306 45
323 142
352 94
365 90
439 26
121-4-9.jpg
70 204
71 181
91 173
140 125
154 97
202 212
203 187
199 155
217 122
194 114
216 82
206 69
245 78
302 105
290 67
315 163
343 113
354 108
421 32
121-5-9.jpg
75 188
72 166
94 156
145 112
159 86
209 199
214 173
210 143
228 113
204 103
224 74
215 60
258 73
317 98
305 64
333 157
356 107
369 102
436 30
204-1-6.jpg
76 133
78 111
107 103
157 70
176 43
211 162
216 136
216 106
240 78
217 67
241 38
232 25
269 41
327 75
326 38
333 133
367 91
381 86
456 24
204-2-6.jpg
75 144
76 121
102 114
155 74
173 51
207 171
215 143
215 111
239 83
215 72
236 46
226 33
264 47
329 81
310 42
332 139
364 96
378 92
454 26
204-3-6.jpg
76 151
73 127
98 119
151 81
168 57
207 173
212 148
209 116
235 88
211 77
231 49
224 36
260 51
320 85
309 45
327 142
357 97
373 94
442 26
204-4-6.jpg
76 179
74 156
103 147
152 105
165 79
211 193
216 168
212 137
229 107
208 98
230 67
221 55
259 65
319 94
313 57
329 153
356 105
373 98
444 29
204-5-6.jpg
76 115
81 92
108 88
161 58
181 37
200 159
207 133
211 102
243 80
219 63
247 41
239 24
278 46
327 89
320 48
323 149
365 108
378 106
459 53
216-1-6.jpg
76 127
78 106
104 100
155 64
175 40
203 165
210 138
213 107
236 79
214 66
239 40
232 25
266 42
323 81
322 41
329 145
366 99
379 96
459 37
216-2-6.jpg
75 125
77 103
107 97
154 65
171 41
204 159
209 133
209 103
237 78
210 63
236 40
227 24
267 41
319 78
313 40
323 137
357 92
370 90
450 28
216-3-6.jpg
75 145
78 124
103 116
154 77
172 53
206 173
211 145
211 115
235 86
210 74
234 47
226 32
262 48
323 82
315 42
330 142
364 95
377 91
452 26
216-4-6.jpg
76 134
78 112
106 104
156 68
174 43
205 168
210 138
213 109
240 81
218 67
240 40
229 25
270 42
323 77
322 39
333 141
365 94
380 90
458 27
216-5-6.jpg
73 151
72 130
96 123
141 86
161 58
196 174
198 148
200 120
223 92
198 81
220 52
215 38
247 51
305 84
304 46
312 140
345 96
358 91
432 26
220-1-6.jpg
71 190
69 169
92 158
134 117
150 89
197 199
198 174
195 145
215 115
191 107
209 76
203 63
234 74
298 100
291 61
312 155
339 108
349 103
415 30
220-2-6.jpg
73 125
75 105
102 97
150 62
168 40
203 155
207 131
209 101
231 75
209 62
231 37
227 23
261 40
315 75
313 38
322 132
354 90
366 87
440 26
220-3-6.jpg
73 125
77 105
104 97
153 63
171 40
204 155
210 130
211 101
236 74
210 62
233 37
226 23
264 40
315 74
311 38
323 131
353 90
365 86
440 27
220-4-6.jpg
74 124
75 104
102 97
152 63
172 39
198 152
205 130
207 100
234 74
210 62
232 37
226 23
259 39
319 74
311 35
324 129
357 89
371 86
446 24
220-5-6.jpg
77 102
82 82
111 79
170 50
192 31
201 152
211 127
217 99
247 75
224 59
251 37
246 23
280 44
328 84
325 47
327 144
364 104
380 102
464 50
225-1-6.jpg
78 95
86 74
114 73
171 48
197 30
202 149
214 127
220 97
252 77
232 58
258 37
255 22
287 45
333 87
332 48
327 147
366 109
381 106
470 59
225-2-6.jpg
77 124
83 103
111 96
166 63
187 40
208 162
218 137
219 107
252 81
226 65
248 39
241 24
278 44
330 78
323 42
331 139
366 94
383 91
465 30
225-3-6.jpg
78 109
84 89
111 85
168 55
192 34
207 154
216 130
220 102
249 78
231 61
252 38
247 23
281 44
332 82
328 46
331 143
368 103
384 100
468 48
225-4-6.jpg
76 104
82 84
108 80
162 55
183 34
194 151
203 126
208 99
239 78
218 62
247 40
242 23
271 45
316 87
318 48
316 144
354 106
370 104
459 53
225-6-6.jpg
73 158
72 135
99 126
147 89
165 64
199 179
204 153
202 124
222 95
201 85
225 59
213 44
252 59
308 88
300 52
319 146
348 102
363 96
432 27
227-1-6.jpg
72 220
67 199
93 185
136 139
147 113
200 220
202 195
196 166
212 134
193 127
208 96
194 84
234 92
296 113
280 78
312 170
336 119
348 112
404 33
227-2-6.jpg
74 130
78 109
97 104
154 66
172 42
202 161
208 135
208 107
237 81
210 66
233 39
225 25
262 43
319 78
303 40
321 137
353 90
366 85
447 24
227-3-6.jpg
77 104
86 82
110 80
166 52
192 31
201 155
209 129
215 103
247 78
223 60
252 38
247 23
277 46
326 89
319 50
324 149
360 108
373 107
463 58
227-4-6.jpg
70 199
70 177
97 165
141 122
157 95
201 205
204 179
202 151
221 118
199 111
218 83
205 70
246 80
303 103
297 69
319 162
346 111
358 104
423 31
227-5-6.jpg
71 132
71 111
95 104
145 70
165 47
190 161
195 135
198 109
223 82
198 69
226 44
220 30
255 47
308 79
301 42
311 138
343 92
356 88
428 24
247-1-6.jpg
74 134
73 112
100 105
150 71
169 45
199 165
204 136
206 108
231 81
208 69
232 42
227 26
257 43
315 80
305 42
318 139
352 94
365 90
441 25
247-2-6.jpg
75 136
77 116
105 109
158 72
175 49
208 166
213 139
214 112
240 84
214 72
237 45
231 31
267 47
321 80
319 42
330 137
359 92
376 88
453 25
247-3-6.jpg
74 159
73 137
103 128
150 90
167 66
200 180
205 154
204 125
230 96
210 85
231 59
221 45
259 59
316 90
303 53
326 151
353 102
367 96
441 27
247-4-6.jpg
76 94
82 74
108 72
167 48
191 30
195 147
206 122
212 96
248 77
224 58
253 39
249 22
279 48
328 91
324 52
318 148
358 111
374 111
460 66
247-5-6.jpg
72 114
75 93
101 87
150 58
172 36
190 151
198 129
200 101
229 77
206 61
232 37
226 23
261 43
309 81
308 44
310 137
344 99
358 97
436 43
252-1-6.jpg
74 123
76 103
101 97
150 64
170 41
201 158
207 133
208 103
234 76
207 63
231 39
224 24
260 42
316 76
308 38
323 137
355 93
367 89
444 31
252-2-6.jpg
144 115
168 84
212 91
321 76
375 51
332 273
365 236
393 190
461 168
428 123
493 100
493 70
541 127
608 240
623 160
563 339
653 289
683 296
866 256
252-3-6.jpg
75 122
81 103
107 96
158 64
178 40
201 158
210 134
212 104
242 80
217 66
243 39
235 24
274 44
325 80
321 41
328 141
358 96
375 94
453 34
252-4-6.jpg
73 118
79 98
104 93
155 60
174 39
198 153
205 131
207 103
236 79
209 64
236 39
232 23
266 44
312 81
310 45
315 139
350 101
365 99
440 45
252-5-6.jpg
72 141
73 120
98 111
148 75
164 50
195 165
201 141
201 112
229 84
208 73
226 47
215 33
251 47
304 79
300 42
316 137
343 94
358 89
435 25
256-1-6.jpg
74 167
73 144
95 136
147 93
163 67
202 185
206 159
203 129
228 100
204 89
226 59
215 46
251 60
310 89
302 52
319 151
352 102
364 97
438 28
256-2-6.jpg
142 242
150 200
201 187
299 117
334 77
382 299
398 253
399 195
455 145
418 121
455 70
438 45
512 74
615 144
603 70
616 254
683 170
710 162
852 48
256-3-6.jpg
76 128
79 107
105 100
148 68
173 41
202 159
207 134
208 105
235 77
212 65
237 38
231 24
266 42
325 79
316 40
327 138
362 95
378 90
459 31
256-4-6.jpg
73 125
75 104
100 99
150 64
165 41
192 155
201 132
203 103
230 77
206 63
232 39
222 25
261 42
311 77
304 38
315 134
344 90
360 88
438 23
256-5-6.jpg
75 109
80 89
107 85
154 58
181 33
194 155
206 129
207 101
236 76
215 62
243 38
236 23
272 45
319 84
320 46
315 143
355 102
369 102
452 50
258-1-6.jpg
74 118
79 98
104 93
155 59
174 38
198 155
203 131
206 102
231 76
209 62
235 37
228 23
262 42
316 81
314 42
317 137
350 97
364 95
446 39
258-2-6.jpg
75 102
83 82
109 78
160 51
181 32
194 148
203 123
206 96
234 73
214 58
242 38
234 22
269 43
315 82
318 47
315 139
349 102
366 101
451 52
258-3-6.jpg
72 127
75 106
99 100
148 63
166 40
196 158
201 132
201 103
221 74
201 65
228 39
219 24
255 41
307 75
304 37
313 131
346 88
360 86
435 27
258-4-6.jpg
75 106
82 84
106 82
158 53
181 32
192 154
201 130
206 100
236 77
211 59
243 38
236 23
270 46
322 87
322 49
317 144
356 105
372 102
454 53
258-5-6.jpg
76 128
79 106
104 99
155 63
178 39
206 159
212 133
214 106
240 79
212 65
238 40
231 24
267 43
325 79
317 40
328 138
359 96
376 93
457 36
262-3-9.jpg
75 126
78 104
104 98
155 64
177 40
202 159
209 132
211 103
237 77
211 64
235 37
228 24
261 41
322 77
318 38
326 137
354 91
372 88
452 32
262-4-9.jpg
76 116
80 95
102 91
161 60
186 36
201 160
211 133
216 106
241 80
215 63
246 39
241 24
273 45
324 89
324 46
324 148
356 107
373 106
460 54
262-5-9.jpg
75 134
78 112
103 106
157 67
175 43
205 160
213 134
212 106
238 78
210 65
235 39
228 24
262 40
320 76
314 35
325 135
353 88
369 84
451 24
262-6-9.jpg
76 125
81 104
104 100
159 63
179 40
207 158
215 132
216 102
246 77
213 62
237 38
232 24
268 41
326 76
319 37
328 134
357 89
375 86
458 27
262-7-9.jpg
74 107
78 86
101 83
158 53
180 33
194 151
201 126
206 98
237 75
213 60
237 37
233 23
269 44
319 83
314 43
314 142
350 101
367 100
448 45
434-1-6.jpg
77 71
90 52
120 55
177 39
202 25
184 144
199 123
209 96
247 79
227 58
260 42
259 28
289 57
327 111
337 71
307 169
352 136
370 137
464 109
434-2-6.jpg
79 97
85 75
110 74
174 47
199 28
201 150
211 127
219 99
251 78
231 60
259 38
257 23
288 46
338 92
342 53
330 153
374 117
387 116
474 68
434-3-6.jpg
72 145
72 122
93 115
146 75
161 52
196 166
201 142
202 113
226 85
204 73
225 46
218 31
256 47
312 79
309 41
321 140
352 94
365 89
432 25
434-5-6.jpg
75 176
72 152
95 143
143 100
160 74
205 188
207 162
205 133
226 102
203 93
221 64
214 50
258 62
315 91
305 52
328 152
355 102
370 98
434 28
434-6-6.jpg
141 205
148 166
197 158
298 103
338 65
368 286
387 242
391 184
449 145
403 114
456 74
448 43
506 85
593 158
590 89
589 271
659 196
693 193
850 104
644-1-9.jpg
72 163
73 142
96 132
147 92
165 65
204 182
206 155
204 125
229 96
203 85
224 58
217 44
248 57
304 86
302 49
317 143
346 97
362 92
432 27
644-2-9.jpg
73 145
73 122
95 116
147 78
164 54
204 169
207 144
203 113
228 83
204 73
228 47
222 33
258 47
308 79
310 42
319 137
349 91
363 87
438 25
644-3-9.jpg
67 203
67 181
87 170
129 126
142 99
193 207
195 183
187 153
208 121
182 114
202 84
192 71
231 81
293 106
279 67
302 162
325 110
339 104
403 31
644-4-9.jpg
67 246
63 224
83 212
124 160
131 133
192 237
191 210
182 181
203 148
175 142
190 112
178 100
218 106
278 124
264 89
299 178
316 126
327 118
381 37
644-5-9.jpg
73 135
75 113
104 105
152 69
170 46
201 160
208 135
207 106
230 79
209 66
235 41
226 26
267 42
314 76
311 39
315 134
347 89
365 86
441 24
670-1-6.jpg
73 186
72 164
98 153
143 113
161 83
203 198
206 173
203 143
223 109
203 102
222 73
212 59
253 71
315 100
298 62
324 158
350 109
365 103
432 30
670-2-6.jpg
72 166
74 146
97 137
146 96
159 73
207 182
209 159
206 128
228 98
201 88
223 62
212 48
254 61
315 89
298 53
324 145
350 98
363 93
435 27
670-3-6.jpg
70 217
68 196
91 185
135 136
147 110
200 220
201 193
194 164
214 130
192 124
208 94
196 82
239 88
300 112
286 75
316 170
340 118
353 110
410 33
670-4-6.jpg
71 193
71 172
96 161
142 119
156 94
207 199
211 176
205 145
225 115
203 107
222 77
211 66
250 76
310 100
295 65
321 154
349 106
360 100
428 30
670-5-6.jpg
74 149
76 128
99 120
152 82
171 54
205 172
209 147
208 116
234 89
212 77
236 48
226 35
269 50
323 84
321 44
327 143
357 95
375 93
448 26
674-1-6.bmp
73 163
73 142
99 133
148 92
166 66
205 184
208 161
208 129
232 98
207 87
226 59
218 46
257 58
319 90
313 52
325 153
355 102
371 97
441 28
674-2-6.bmp
76 120
79 98
102 93
160 62
181 38
202 162
209 136
214 106
244 81
217 64
248 40
239 24
275 43
323 84
325 46
326 146
359 102
374 99
458 42
674-3-6.bmp
78 110
86 89
111 86
165 57
186 34
199 156
210 133
213 102
244 79
221 62
248 38
240 23
279 44
332 86
329 45
326 147
366 103
384 102
469 45
674-4-6.bmp
73 152
72 131
94 124
146 84
162 59
197 172
202 148
202 118
225 90
202 79
225 51
216 38
251 53
307 82
302 47
316 139
346 95
358 91
434 26
674-5-6.bmp
74 121
76 101
102 95
156 62
174 38
209 156
215 129
212 100
235 74
218 62
236 39
225 23
267 40
324 75
313 38
322 134
360 89
374 87
448 30
676-1-6.bmp
76 121
80 100
106 96
162 63
181 39
208 158
216 133
214 103
242 79
220 66
247 40
237 24
276 44
330 83
321 44
327 141
365 98
378 96
460 40
676-2-6.bmp
75 128
75 104
102 98
157 64
176 40
203 159
209 133
210 104
236 77
217 64
242 40
232 24
269 42
323 79
316 39
322 137
358 95
372 92
450 33
676-3-6.bmp
73 142
73 121
98 114
144 80
165 52
206 166
209 141
209 112
233 86
205 73
227 47
219 33
256 50
318 81
305 44
328 139
358 94
373 89
442 25
676-4-6.bmp
74 120
76 100
109 94
155 63
174 39
203 155
210 132
211 102
234 75
213 63
238 39
228 23
267 42
322 78
313 42
323 136
358 94
371 92
448 36
676-5-6.bmp
75 135
80 115
107 107
158 71
175 49
211 167
216 142
215 111
239 83
216 70
239 45
231 31
265 47
327 81
312 43
332 141
365 96
378 93
454 25
679-1-6.bmp
77 103
83 85
106 82
167 51
191 30
203 151
213 126
213 96
239 72
223 59
251 36
246 23
278 41
328 81
324 44
328 141
364 102
380 100
464 48
679-2-6.bmp
77 100
84 81
110 78
166 50
187 30
203 153
213 127
215 99
241 76
222 59
250 39
245 23
278 45
328 90
324 50
323 147
362 109
376 109
462 59
679-3-6.bmp
78 89
90 71
114 71
171 47
198 26
203 156
214 132
220 102
251 80
230 62
259 41
257 24
286 50
333 100
333 60
325 161
366 124
381 125
472 84
679-4-6.bmp
78 86
87 68
111 68
201 24
174 42
200 151
210 129
218 97
248 78
227 57
263 40
257 23
290 49
336 101
338 61
318 156
364 123
377 125
471 86
679-5-6.bmp
80 119
84 97
114 92
169 61
194 37
211 164
220 138
225 108
258 82
232 66
259 41
252 25
290 47
352 93
342 47
339 151
381 110
397 108
483 51
685-1-6.bmp
79 99
87 77
110 76
173 49
198 29
202 153
213 129
219 100
254 79
229 60
262 38
256 23
293 47
336 92
340 53
331 151
370 112
385 112
476 66
685-2-6.bmp
77 139
77 118
104 110
154 75
176 49
206 167
212 141
214 112
244 85
216 71
240 45
230 31
275 47
329 83
325 43
331 141
364 98
379 94
462 25
685-3-6.bmp
77 117
78 96
104 91
157 60
180 36
200 158
208 133
213 105
241 79
218 63
245 39
238 24
276 44
329 88
327 47
323 147
361 105
377 104
463 45
685-4-6.bmp
77 93
84 73
111 72
169 50
196 29
194 152
207 126
214 99
248 78
226 60
258 41
252 23
289 49
329 95
332 56
318 155
362 118
376 117
466 73
685-5-6.bmp
72 152
70 131
91 125
139 85
156 62
193 171
195 148
195 119
219 90
193 81
216 53
209 43
246 54
296 81
295 46
306 138
335 96
347 90
424 26
914-1-9.bmp
75 87
80 67
103 67
163 43
189 26
187 147
199 124
206 96
237 77
217 58
247 38
244 22
276 49
316 93
324 56
305 149
342 114
359 115
454 77
914-2-9.bmp
73 125
74 102
94 97
148 62
172 37
192 159
199 135
202 105
230 79
204 64
231 38
222 24
260 41
310 81
313 40
310 141
344 97
358 93
440 36
914-3-9.bmp
75 113
79 91
104 89
156 58
181 35
196 156
204 132
206 100
237 77
207 61
241 38
234 23
268 44
316 83
318 43
318 142
351 101
367 99
451 48
914-4-9.bmp
74 98
80 80
105 77
160 50
182 30
190 146
201 123
204 95
228 71
207 57
235 36
230 22
263 41
311 83
318 45
307 140
341 101
358 100
444 56
914-5-9.bmp
139 245
149 201
193 189
284 121
322 76
376 303
389 254
389 197
437 145
390 120
436 72
422 46
484 75
586 140
584 66
597 250
651 168
685 161
834 48
915-1-9.bmp
74 123
77 101
99 96
153 63
177 37
201 161
209 136
208 104
239 80
211 64
239 40
232 24
264 43
315 81
318 43
321 141
353 97
368 94
448 41
915-2-9.bmp
73 86
76 71
97 70
152 45
178 27
180 141
189 119
197 90
227 73
205 54
235 36
231 21
264 45
304 87
313 52
296 142
335 109
350 110
439 71
915-3-9.bmp
69 192
68 171
92 161
137 118
151 91
197 199
197 174
193 145
212 116
187 109
210 79
200 67
237 76
295 102
285 64
308 158
331 110
346 104
411 30
915-4-9.bmp
76 105
84 83
106 82
160 52
184 31
198 152
206 127
211 98
238 75
213 59
243 38
239 23
267 43
320 84
318 46
319 143
353 102
369 101
456 57
915-5-9.bmp
70 177
69 156
91 147
137 105
153 78
194 189
200 166
196 136
217 107
190 96
213 67
204 56
241 66
301 94
289 56
313 152
338 103
352 99
416 28
917-1-9.bmp
74 113
80 94
104 89
156 58
176 35
190 152
199 130
205 101
235 77
212 61
239 39
233 23
269 44
321 86
316 45
312 143
350 103
363 101
446 49
917-2-9.bmp
73 107
75 86
103 82
153 56
179 32
191 147
199 125
203 97
229 74
211 59
237 37
230 22
264 42
311 82
311 44
307 138
342 100
358 98
441 50
917-3-9.bmp
73 177
71 155
92 145
143 102
158 76
201 189
204 164
201 134
225 105
196 95
217 67
210 53
245 65
305 95
295 56
318 154
343 106
359 100
427 28
917-4-9.bmp
73 109
76 90
102 85
154 55
178 33
189 148
197 126
202 97
232 75
207 59
235 38
229 22
264 42
313 82
314 45
302 139
340 99
358 98
440 51
917-5-9.bmp
72 141
75 121
98 114
152 75
170 51
199 165
204 141
204 111
229 84
205 73
230 47
221 33
260 49
310 79
305 44
313 138
346 92
360 87
434 25
919-1-9.bmp
72 101
76 81
99 78
153 52
175 30
182 151
193 127
196 98
224 77
203 60
233 40
227 23
262 48
304 92
306 53
292 147
337 112
350 111
436 68
919-2-9.bmp
76 86
84 67
108 65
168 45
193 26
189 147
200 124
208 95
239 75
220 58
252 41
249 23
277 51
321 97
326 61
306 154
354 121
369 121
457 88
919-3-9.bmp
73 97
81 78
105 76
161 52
185 30
191 148
201 127
206 97
235 75
217 61
245 41
240 22
270 48
311 90
315 53
304 146
343 110
357 108
441 63
919-4-9.bmp
75 87
84 67
105 66
164 43
190 24
188 144
200 123
207 94
238 74
216 56
247 37
245 22
274 46
313 89
317 54
306 147
345 114
361 114
451 81
919-5-9.bmp
70 152
71 132
97 124
146 86
162 61
201 171
205 147
201 117
226 92
199 81
223 55
212 40
247 55
307 84
296 48
314 141
341 93
354 90
424 26
920-1-9.bmp
73 115
77 97
100 92
154 60
176 35
203 153
208 130
208 99
234 75
211 60
237 38
228 23
263 42
316 78
316 41
318 138
351 93
366 90
440 34
920-2-9.bmp
72 72
80 53
102 55
161 38
185 23
178 136
188 116
197 88
231 72
213 54
241 39
238 24
265 49
304 96
310 60
289 151
334 121
347 123
433 93
920-3-9.bmp
71 124
72 105
95 99
145 65
162 40
192 151
199 129
198 100
222 73
202 64
227 39
217 23
255 39
305 74
300 36
306 129
336 86
351 82
430 25
920-4-9.bmp
77 95
83 74
110 73
169 50
196 29
199 150
207 129
217 98
247 78
222 59
255 39
252 23
283 49
331 93
335 55
321 152
360 113
378 113
465 72
920-5-9.bmp
68 194
69 175
91 164
139 119
154 92
198 202
200 177
195 148
216 118
192 109
212 81
202 68
241 78
296 102
285 68
307 160
332 110
346 104
410 30
924-1-9.bmp
71 118
73 97
96 91
147 59
164 36
186 154
193 129
193 99
219 75
196 61
224 38
216 23
252 41
301 80
296 42
296 136
336 97
348 94
428 41
924-2-9.bmp
75 101
81 81
102 78
161 51
185 29
193 149
201 125
206 96
235 73
214 58
244 37
240 22
271 44
319 86
321 50
309 144
353 107
368 105
452 61
924-3-9.bmp
75 88
82 69
105 68
161 45
186 26
190 145
201 124
207 92
234 72
216 55
249 38
244 22
273 46
318 91
320 53
307 149
351 114
365 113
452 73
924-4-9.bmp
73 103
80 82
104 80
160 52
181 31
192 149
201 127
206 98
233 75
216 60
242 39
236 22
268 45
310 85
314 48
306 142
343 104
357 102
439 52
924-5-9.bmp
75 117
79 98
102 92
155 60
175 37
196 154
206 130
210 100
235 75
216 62
237 38
228 23
268 42
321 77
319 40
321 138
355 96
371 92
454 38
925-1-9.bmp
76 83
81 62
104 61
162 42
188 25
186 145
199 124
210 95
241 77
223 58
248 39
244 23
274 49
318 96
324 59
307 153
351 122
366 122
460 87
925-2-9.bmp
72 168
70 147
92 139
138 98
154 72
196 181
200 158
197 128
215 100
192 92
213 64
202 51
238 63
295 88
284 54
310 145
333 99
346 94
420 27
925-3-9.bmp
73 110
75 91
102 85
149 56
168 34
192 148
198 126
202 98
227 73
206 59
231 37
223 22
258 41
312 78
306 41
308 134
342 94
359 93
440 40
925-4-9.bmp
74 112
75 92
97 89
151 58
174 35
197 154
204 133
207 100
231 76
213 63
240 39
232 23
267 44
315 82
317 45
316 142
349 101
366 99
446 47
925-5-9.bmp
